0 0.653620 0.292931 0.109426 0.126264
3 0.536616 0.446338 0.064815 0.082912
3 0.393310 0.474116 0.087963 0.072810
3 0.331861 0.625421 0.076181 0.063130
0 0.514519 0.540616 0.039144 0.039144
0 0.459384 0.548611 0.041667 0.050926
0 0.495370 0.597222 0.041245 0.039560
3 0.564394 0.575968 0.035352 0.031565
3 0.572389 0.618264 0.051347 0.090069
2 0.557449 0.726431 0.045875 0.117847
3 0.652356 0.860690 0.038722 0.039560
3 0.693602 0.854375 0.059764 0.081648
4 0.079611 0.451699 0.012662 0.016370
4 0.450319 0.324884 0.014889 0.007657
