3 0.367634 0.074704 0.052611 0.045032
0 0.626264 0.121843 0.054713 0.094699
0 0.601852 0.166037 0.043773 0.095537
0 0.582491 0.201181 0.027778 0.042931
3 0.616162 0.236532 0.042931 0.129630
3 0.539981 0.176556 0.095958 0.086278
3 0.532407 0.372477 0.040403 0.040403
3 0.528407 0.416667 0.050926 0.069023
3 0.557542 0.325231 0.031745 0.054565
3 0.569611 0.275958 0.042657 0.042657
3 0.578042 0.237597 0.033731 0.038690
3 0.402944 0.421625 0.026787 0.016532
3 0.208167 0.349704 0.063162 0.126653
3 0.135583 0.509921 0.039023 0.099208
3 0.393519 0.495699 0.051588 0.037699
3 0.378968 0.543153 0.043653 0.030755
3 0.458333 0.523477 0.062829 0.041667
3 0.369213 0.504463 0.147819 0.115412
3 0.876819 0.517032 0.042657 0.112102
3 0.167495 0.714949 0.072421 0.072750
3 0.208005 0.672454 0.078042 0.062500
2 0.219079 0.778935 0.088292 0.114088
3 0.294810 0.725528 0.059856 0.064153
0 0.369542 0.589287 0.077713 0.074074
3 0.333829 0.607472 0.037366 0.052912
3 0.262236 0.641699 0.081347 0.069116
3 0.411074 0.630403 0.093750 0.117282
3 0.394870 0.626542 0.060569 0.066356
3 0.343750 0.658181 0.058644 0.040125
3 0.504824 0.717977 0.029708 0.024690
0 0.570218 0.581403 0.122685 0.050926
0 0.575426 0.683644 0.079861 0.094134
0 0.580440 0.613042 0.065972 0.074074
0 0.642361 0.648727 0.083333 0.089894
3 0.669944 0.650847 0.038194 0.043981
3 0.755981 0.580824 0.010417 0.026620
3 0.796491 0.765625 0.065199 0.039736
0 0.871912 0.842593 0.056329 0.050153
0 0.812500 0.804398 0.044755 0.054782
0 0.839505 0.808449 0.034722 0.043597
1 0.817514 0.858412 0.062500 0.057870
2 0.748843 0.807292 0.030866 0.038968
2 0.759259 0.872491 0.080245 0.118440
4 0.718255 0.695106 0.021162 0.021162
3 0.543519 0.632870 0.022222 0.017593
4 0.399412 0.115880 0.010088 0.009218
4 0.420944 0.122384 0.010852 0.012213
4 0.139991 0.270745 0.013356 0.010588
4 0.790222 0.436917 0.022801 0.024773
4 0.798111 0.495282 0.007773 0.015278
4 0.257444 0.541648 0.005736 0.010769
4 0.147745 0.410662 0.006190 0.011519
4 0.304213 0.641199 0.020157 0.011769
4 0.264463 0.895222 0.011324 0.008852
4 0.320861 0.940528 0.023856 0.014907
4 0.527569 0.947889 0.009060 0.008491
4 0.916134 0.798375 0.008625 0.008921
4 0.922912 0.786153 0.004435 0.007736
4 0.959477 0.709787 0.004236 0.005199
4 0.305625 0.892412 0.005093 0.005352
3 0.579838 0.563889 0.024745 0.023560
