3 0.536111 0.175926 0.089815 0.087963
0 0.607176 0.114120 0.044907 0.063426
0 0.596991 0.169676 0.043056 0.073611
0 0.581944 0.224769 0.046296 0.060648
3 0.568042 0.279440 0.061111 0.076704
3 0.638194 0.169444 0.021759 0.055556
3 0.661343 0.117130 0.039352 0.023148
3 0.615741 0.245833 0.037963 0.108333
3 0.206944 0.352778 0.074074 0.124074
3 0.190972 0.468750 0.100463 0.118056
3 0.135880 0.508565 0.039352 0.099537
1 0.111343 0.790509 0.080093 0.068056
0 0.125694 0.738657 0.055093 0.066204
2 0.159856 0.674935 0.069181 0.032542
0 0.172454 0.713194 0.049537 0.042130
0 0.232310 0.683532 0.036708 0.022486
0 0.204032 0.695273 0.024472 0.033398
2 0.140046 0.702713 0.049273 0.021162
3 0.327380 0.610616 0.068120 0.047949
3 0.303241 0.852514 0.082671 0.095236
2 0.219412 0.780944 0.087634 0.102236
3 0.272157 0.702713 0.093917 0.066801
5 0.382273 0.621199 0.078042 0.087634
3 0.403606 0.421296 0.022157 0.021824
3 0.529431 0.420801 0.046958 0.061176
3 0.535551 0.371528 0.051255 0.038028
2 0.507606 0.466269 0.050264 0.068120
3 0.372519 0.509259 0.163690 0.113097
3 0.441468 0.613259 0.054894 0.067792
3 0.558366 0.701472 0.099537 0.156912
5 0.576995 0.706389 0.041259 0.051009
3 0.670468 0.653440 0.034722 0.042991
3 0.580273 0.567065 0.029597 0.021690
0 0.645338 0.643519 0.077713 0.094579
0 0.624171 0.651620 0.056546 0.079032
0 0.575894 0.612269 0.041995 0.058532
3 0.877810 0.515375 0.046625 0.102843
3 0.742394 0.772981 0.031083 0.036708
4 0.751486 0.796625 0.055884 0.048282
3 0.793815 0.764218 0.066468 0.039023
0 0.864088 0.841602 0.049602 0.055556
0 0.852514 0.814319 0.087963 0.043981
0 0.793153 0.786208 0.083662 0.063824
2 0.078704 0.636407 0.074074 0.092264
4 0.294477 0.648810 0.018847 0.014551
3 0.543773 0.634468 0.032829 0.026514
3 0.369000 0.072412 0.046463 0.049972
4 0.399102 0.115750 0.009898 0.008560
4 0.421069 0.122046 0.009403 0.011917
3 0.556921 0.331894 0.034366 0.049009
4 0.904250 0.445968 0.011852 0.016435
4 0.791958 0.436148 0.027417 0.028352
4 0.146940 0.414903 0.006134 0.007685
4 0.109667 0.472954 0.005000 0.005134
4 0.235231 0.462014 0.007000 0.004829
4 0.228903 0.497421 0.006176 0.005361
4 0.959231 0.710255 0.007625 0.006005
4 0.923227 0.785431 0.007755 0.008597
4 0.916407 0.798505 0.008755 0.010343
3 0.824449 0.767801 0.015815 0.034671
4 0.326046 0.911417 0.006801 0.009361
4 0.319894 0.940769 0.020838 0.014352
3 0.581176 0.585921 0.039472 0.019421
