1 0.608282 0.094394 0.108537 0.050926
3 0.630917 0.188787 0.021093 0.046296
3 0.612653 0.256685 0.034981 0.090537
3 0.533949 0.374741 0.041153 0.041667
3 0.522889 0.415894 0.049898 0.072532
3 0.535236 0.179269 0.084875 0.085907
0 0.606741 0.146347 0.032407 0.066356
0 0.584875 0.151750 0.033949 0.082306
0 0.577417 0.212963 0.056069 0.060699
3 0.575616 0.260287 0.056583 0.069958
3 0.562759 0.321500 0.028806 0.063787
4 0.545523 0.322273 0.012861 0.015944
3 0.204731 0.353653 0.067903 0.114713
3 0.226338 0.450102 0.072019 0.082306
3 0.137602 0.508231 0.040639 0.103907
3 0.791667 0.437500 0.029833 0.025204
3 0.877315 0.520319 0.063273 0.079731
0 0.140176 0.733023 0.056069 0.055556
0 0.208593 0.688014 0.079731 0.084875
0 0.306995 0.639917 0.116463 0.074074
0 0.299639 0.617282 0.106481 0.083333
3 0.236625 0.781380 0.089505 0.099796
3 0.371144 0.505657 0.152778 0.104940
0 0.415125 0.565329 0.072019 0.061727
3 0.359407 0.686347 0.080958 0.077435
4 0.397120 0.668736 0.024690 0.019519
3 0.436213 0.615741 0.072019 0.080245
3 0.549384 0.515431 0.024690 0.020574
3 0.583333 0.566616 0.024690 0.020060
3 0.584875 0.586162 0.025722 0.013889
3 0.544824 0.644991 0.049241 0.044190
3 0.569866 0.699292 0.070708 0.087130
3 0.668560 0.652986 0.038301 0.050926
3 0.678662 0.701389 0.042509 0.031565
0 0.644347 0.645171 0.076389 0.089287
0 0.625000 0.648810 0.071431 0.087301
0 0.571264 0.615245 0.045968 0.063162
0 0.671296 0.749338 0.098546 0.109787
0 0.867727 0.842759 0.039681 0.043981
0 0.851523 0.818949 0.080690 0.043981
0 0.794644 0.786208 0.082009 0.057870
3 0.795306 0.765875 0.063491 0.036375
3 0.752644 0.796625 0.060847 0.048282
3 0.785713 0.880954 0.014551 0.025134
3 0.503472 0.529764 0.026125 0.027116
3 0.583005 0.533731 0.071431 0.083995
3 0.368981 0.075000 0.041667 0.038889
3 0.821065 0.768287 0.012500 0.032870
4 0.398403 0.116301 0.007523 0.008157
4 0.420903 0.122208 0.009181 0.015162
4 0.390685 0.230630 0.004139 0.006838
4 0.883606 0.409625 0.022954 0.016106
4 0.146819 0.415889 0.003208 0.006218
4 0.189315 0.541935 0.003815 0.006014
4 0.305676 0.892417 0.004898 0.005236
4 0.319019 0.899968 0.002995 0.005125
4 0.320491 0.940384 0.020231 0.011940
4 0.915333 0.798250 0.007481 0.009250
4 0.923227 0.785407 0.005847 0.008755
4 0.959806 0.709250 0.003352 0.005625
4 0.761065 0.941833 0.008125 0.009551
4 0.632532 0.493907 0.019708 0.017204
