0 0.6948282912234042 0.6294095 0.060534242021276594 0.038819 0.7236761968085107 0.6217349999999999 2 0.7160684840425533 0.6311736666666666 2 0.7216645611702127 0.6412896666666666 2 0.7069886968085106 0.6317043333333333 2 0.6667190824468086 0.6418016666666666 2 0.6851363031914893 0.6319286666666667 2 0.6892958776595745 0.6417783333333333 2
0 0.7158055186170212 0.6576275 0.03599933510638298 0.047255 0.7152257313829787 0.635131 2 0.7227529920212766 0.644376 2 0.7329597739361702 0.6468476666666666 2 0.7191366356382979 0.6536163333333334 2 0.7060216090425533 0.6801146666666666 2 0.7049597739361702 0.6780406666666667 2 0.7076176861702128 0.678359 2
0 0.7470939162234043 0.6481733333333334 0.028097406914893614 0.05368 0.7426821808510637 0.6240786666666667 2 0.7476466090425531 0.6285196666666667 2 0.7548470744680851 0.6279346666666666 2 0.7469095744680851 0.6381033333333334 2 0.7393440824468086 0.673565 2 0.7379800531914894 0.6634990000000001 2 0.743235704787234 0.6634286666666667 2
0 0.7783460771276596 0.6260893333333334 0.03741023936170213 0.054845333333333336 0.779063164893617 0.599629 2 0.7847470079787233 0.6076956666666666 2 0.7959627659574467 0.6101843333333333 2 0.7831329787234044 0.6169636666666667 2 0.7697726063829787 0.6512226666666666 2 0.7689165558510638 0.635518 2 0.786626329787234 0.6383393333333334 2
0 0.7935560172872341 0.6464445 0.03990458776595745 0.05422233333333333 0.8047253989361702 0.6669286666666667 2 0.792735704787234 0.6677690000000001 2 0.7827253989361702 0.6724076666666666 2 0.7933384308510638 0.6579416666666666 2 0.8004561170212766 0.6199946666666667 2 0.8043011968085108 0.6370356666666667 2 0.7901083776595745 0.6374203333333334 2
0 0.8252234042553191 0.5876606666666666 0.034090425531914895 0.055321333333333333 0.8378670212765957 0.6031449999999999 2 0.8285475398936171 0.6062386666666666 2 0.820032579787234 0.614409 2 0.8286771941489361 0.5955486666666666 2 0.8278922872340426 0.560868 2 0.8365568484042553 0.574844 2 0.821466755319149 0.5751313333333333 2
0 0.8448828125 0.485622 0.0421592420212766 0.053244 0.8510119680851064 0.48218099999999997 1 0.8473500664893617 0.4875293333333333 2 0.8458347739361702 0.498007 2 0.8420927526595744 0.4885666666666667 2 0.8316758643617022 0.48354299999999995 2 0.8300159574468086 0.47197700000000004 2 0.8260202792553191 0.494917 2
0 0.8435438829787234 0.4561151666666666 0.03283244680851064 0.05223033333333334 0.8573636968085105 0.473527 2 0.8501961436170212 0.4736873333333333 2 0.8429138962765957 0.48141900000000004 2 0.8476349734042554 0.46470100000000003 2 0.8342327127659573 0.43108233333333335 2 0.8471203457446809 0.443443 2 0.8355232712765958 0.44746299999999994 2
0 0.8392579787234042 0.40808200000000006 0.040882978723404254 0.048164 0.8565874335106383 0.41550666666666664 1 0.8519175531914894 0.4184653333333333 2 0.857455784574468 0.431153 2 0.8457539893617021 0.41494366666666666 2 0.8204654255319149 0.394345 2 0.8332892287234043 0.39532300000000004 2 0.8297603058510638 0.41114466666666666 2
0 0.6425088098404256 0.792895 0.03900698138297872 0.05045666666666667 0.6438673537234042 0.8148329999999999 1 0.6384005984042553 0.8159706666666666 2 0.6357277260638298 0.815817 1 0.6396911569148936 0.8053353333333333 2 0.6510691489361702 0.7687643333333334 2 0.6514275265957447 0.78476 2 0.6370545212765958 0.7851469999999999 2
0 0.33254670877659576 0.24764233333333335 0.03277958776595745 0.060618000000000005 0.3284561170212766 0.21855833333333333 2 0.33452659574468085 0.22614599999999999 2 0.3430375664893617 0.228149 2 0.3338726728723404 0.233348 2 0.3297290558510638 0.2751173333333333 2 0.3263623670212766 0.2582236666666667 2 0.333797539893617 0.2521676666666667 2
0 0.5612451795212766 0.17088233333333336 0.05467121010638298 0.039098 0.5348480718085107 0.173602 2 0.5424684175531914 0.16815166666666667 2 0.5359680851063829 0.160905 2 0.5533863031914894 0.16644833333333334 2 0.5877676196808511 0.16951366666666667 2 0.5721542553191489 0.174505 2 0.5715777925531915 0.16078266666666668 2