0 0.7827500000000001 0.6991088333333334 0.050207446808510636 0.04288433333333333 0.7986003989361702 0.6789106666666667 2 0.7980970744680851 0.6907803333333333 2 0.8000372340425532 0.6980173333333334 2 0.7880172872340426 0.6963969999999999 2 0.7590984042553192 0.71775 2 0.7698786569148937 0.7027363333333333 2 0.7741908244680852 0.7126733333333334 2
0 0.7913224734042552 0.6703941666666666 0.048735372340425534 0.03678833333333333 0.8135029920212765 0.667168 2 0.8087027925531914 0.678331 2 0.8003154920212766 0.6878223333333333 2 0.8005309175531914 0.6738813333333333 2 0.7681023936170214 0.6564643333333333 2 0.7866050531914894 0.6585623333333332 2 0.7808108377659575 0.672808 2
0 0.7537755984042553 0.690419 0.03747140957446808 0.05817133333333334 0.7680265957446809 0.7040786666666666 2 0.7586359707446808 0.7099666666666667 2 0.7497300531914894 0.718465 2 0.755546210106383 0.7014683333333334 2 0.7509165558510639 0.6622336666666667 2 0.7637603058510638 0.679473 2 0.7509165558510639 0.682144 2
0 0.8277609707446809 0.6121911666666666 0.05645279255319149 0.04771566666666666 0.8371705452127659 0.5905586666666667 2 0.8401831781914895 0.601434 2 0.8525974069148936 0.6041726666666667 2 0.8303543882978723 0.6088393333333333 2 0.8029640957446808 0.6341066666666666 2 0.8078816489361703 0.615907 2 0.8194448138297872 0.6341066666666666 2
0 0.810412732712766 0.5774355 0.047687167553191495 0.048871 0.7985907579787235 0.5999946666666667 2 0.7993503989361702 0.5875383333333334 2 0.787589095744681 0.5831546666666666 2 0.8095588430851063 0.5808446666666667 2 0.8331648936170212 0.5551096666666666 2 0.8264375 0.5699576666666667 2 0.8193337765957447 0.56251 2
0 0.7526250000000001 0.6283548333333333 0.060436170212765955 0.041376333333333334 0.7815811170212766 0.609931 2 0.7751662234042552 0.621954 2 0.7818204787234042 0.6313603333333333 2 0.7646166888297873 0.623159 2 0.7232509973404256 0.6317283333333333 2 0.7440615026595745 0.6222953333333333 2 0.7439378324468084 0.6320176666666667 2
0 0.6473969414893617 0.5984131666666667 0.04545877659574468 0.041493 0.6614112367021276 0.5857516666666667 2 0.6613703457446809 0.591251 2 0.6690302526595745 0.595355 2 0.6533011968085106 0.5958886666666666 2 0.6257992021276596 0.6119683333333333 2 0.6334996675531915 0.6013796666666666 2 0.6395209441489362 0.6113116666666667 2
0 0.6127908909574469 0.4808063333333334 0.05736369680851064 0.038945999999999995 0.6406200132978723 0.4830186666666667 2 0.6336259973404255 0.4865423333333333 2 0.6365957446808511 0.49703400000000003 2 0.6244052526595745 0.48399766666666666 2 0.5854491356382978 0.48543 2 0.6056103723404255 0.47615199999999996 2 0.6050242686170213 0.488562 2
0 0.33021592420212764 0.41154149999999995 0.03809142287234042 0.04641633333333333 0.3306632313829787 0.43335266666666666 2 0.325843085106383 0.42655000000000004 2 0.3190535239361702 0.42826366666666665 2 0.3295229388297872 0.418449 2 0.34815359042553196 0.38914899999999997 2 0.34494015957446805 0.40135233333333337 2 0.3399647606382979 0.3946016666666667 2
0 0.45332247340425535 0.8436938333333333 0.05358643617021276 0.037387666666666666 0.47930418882978726 0.8464123333333333 2 0.47424268617021276 0.84975 2 0.47723603723404256 0.85855 2 0.46479022606382975 0.8475793333333332 2 0.4275548537234043 0.8364196666666667 2 0.4446938164893617 0.8350016666666668 2 0.4436456117021277 0.8480253333333333 2
0 0.1737451795212766 0.6344415 0.04030950797872341 0.05221633333333334 0.17972273936170213 0.6589583333333333 2 0.1734847074468085 0.6568553333333333 2 0.16526429521276595 0.659601 2 0.17156083776595743 0.6479763333333334 2 0.16860538563829788 0.609374 2 0.1758347739361702 0.6249706666666667 2 0.1656904920212766 0.626314 2
0 0.17696974734042556 0.3724558333333334 0.04808843085106383 0.04691166666666667 0.15601695478723404 0.3924803333333333 2 0.15534541223404255 0.38440866666666673 2 0.15677227393617021 0.3745713333333333 2 0.16415691489361703 0.3794476666666667 2 0.19982114361702127 0.3590163333333333 2 0.18555518617021277 0.3741506666666667 2 0.1761565824468085 0.3588483333333334 2