0 0.5193410904255319 0.1287015 0.05530452127659574 0.030736333333333334 0.5348214760638298 0.11738633333333333 2 0.5356466090425531 0.12107133333333334 2 0.5452463430851064 0.11964233333333334 2 0.5273966090425533 0.127012 2 0.49364660904255314 0.13934466666666667 2 0.5050465425531915 0.129719 2 0.5126216755319148 0.14077333333333333 2
0 0.5635450465425531 0.14565533333333333 0.03599966755319149 0.04797733333333333 0.5463713430851064 0.12836566666666666 2 0.5541712101063829 0.12603433333333333 2 0.566546210106383 0.12347766666666667 2 0.5591961436170212 0.134983 2 0.578921210106383 0.166266 2 0.5666961436170213 0.158295 2 0.5758460771276596 0.14731566666666668 2
0 0.5253548869680851 0.15063933333333335 0.05137466755319149 0.035945333333333336 0.5427712765957446 0.13881833333333332 2 0.5452463430851064 0.14611266666666667 2 0.5495964095744681 0.15543733333333334 2 0.5345964095744681 0.1482183333333333 2 0.5003966090425532 0.147767 2 0.5263464095744681 0.14227733333333334 2 0.5152466755319149 0.14912066666666668 2
0 0.47692137632978726 0.14517233333333332 0.03562466755319149 0.057678 0.48749667553191495 0.11738633333333333 2 0.4853966090425532 0.12881666666666666 2 0.489671875 0.13550966666666667 2 0.4805967420212766 0.13483266666666666 2 0.4638720079787234 0.17190599999999998 2 0.465671875 0.15054933333333334 2 0.474296875 0.15370766666666666 2
0 0.37479870345744687 0.15669 0.03949102393617021 0.04538 0.37161535904255316 0.13536166666666666 2 0.37971309840425527 0.13792 2 0.38958577127659577 0.13525066666666666 2 0.37560871010638297 0.14804133333333333 2 0.3580817819148936 0.17673766666666665 2 0.35663962765957447 0.16227833333333333 2 0.3722809175531915 0.16628233333333334 2
0 0.31806565824468086 0.18652633333333332 0.048365359042553194 0.05105266666666666 0.3232496675531915 0.16194466666666668 2 0.3302383643617021 0.16861833333333334 2 0.3413314494680851 0.166505 2 0.3248028590425532 0.17784999999999998 2 0.30062001329787236 0.2081033333333333 2 0.3031715425531915 0.19253166666666668 2 0.31615026595744683 0.19909400000000002 2
0 0.6179160571808511 0.16695083333333335 0.04899700797872341 0.049235 0.6299178856382979 0.14385133333333333 2 0.6311991356382979 0.155732 2 0.6400591755319149 0.15616033333333332 2 0.6246875 0.16311733333333334 2 0.5940508643617021 0.188912 2 0.6085684840425533 0.169111 2 0.6146532579787234 0.17146566666666668 2
0 0.7221535904255318 0.25369383333333334 0.04803058510638298 0.036721 0.7429138962765958 0.24874000000000002 2 0.7388314494680852 0.25873266666666667 2 0.7427938829787234 0.26776266666666665 2 0.7300658244680851 0.25692666666666664 2 0.6994461436170213 0.24657266666666666 2 0.7092925531914894 0.24464633333333333 2 0.7104933510638298 0.251268 1
0 0.7638296210106382 0.26137583333333336 0.04827094414893617 0.050085 0.7866220079787234 0.26691966666666667 2 0.7793048537234042 0.27184733333333333 2 0.7780964095744681 0.273662 1 0.7732935505319148 0.26463233333333336 2 0.7413454122340426 0.238354 2 0.7570984042553192 0.24834499999999998 2 0.7533976063829787 0.25681366666666666 2
0 0.3482192486702128 0.39910066666666666 0.04018849734042553 0.04953466666666667 0.3529930186170213 0.375981 2 0.35529886968085106 0.38329433333333335 2 0.3652742686170212 0.38184233333333334 2 0.3500385638297872 0.3898203333333333 2 0.33083244680851065 0.42199000000000003 2 0.33238663563829784 0.40952299999999997 2 0.34104587765957445 0.4134186666666667 2
0 0.24733643617021278 0.5478695 0.056507978723404254 0.039739 0.2741931515957447 0.5337783333333334 2 0.2706791888297872 0.5450893333333333 2 0.27061768617021276 0.5520116666666667 2 0.25946010638297873 0.5473143333333333 2 0.21963796542553193 0.555782 2 0.23708311170212765 0.5454600000000001 2 0.24022706117021275 0.5566473333333334 2
0 0.20934025930851066 0.6416085 0.04434541223404255 0.050550333333333336 0.22122506648936172 0.617262 2 0.2203560505319149 0.6285873333333333 2 0.23058178191489362 0.632005 2 0.2143407579787234 0.6364949999999999 2 0.18820844414893617 0.6655786666666667 2 0.19235206117021278 0.6523100000000001 2 0.19936968085106382 0.6588773333333333 2