0 0.16910289228723405 0.35777983333333335 0.04698238031914894 0.04955966666666667 0.15919946808510638 0.381066 2 0.15675265957446807 0.37183900000000003 2 0.14628191489361703 0.36961533333333335 2 0.16304753989361703 0.3639796666666667 2 0.19054587765957448 0.3346653333333333 2 0.18526894946808511 0.345814 2 0.17223238031914895 0.34367566666666666 2
0 0.15230884308510637 0.4024745 0.03467087765957447 0.054949000000000005 0.13931117021276596 0.3819696666666667 2 0.15028224734042553 0.379788 2 0.15940292553191487 0.3774086666666667 2 0.14947772606382978 0.39007933333333333 2 0.15521442819148937 0.4289793333333334 2 0.14783843085106382 0.4209736666666667 2 0.15490093085106382 0.41994 2
0 0.1797154255319149 0.40298066666666665 0.031638297872340425 0.05529466666666666 0.1709035904255319 0.3761043333333334 2 0.1788341090425532 0.3809976666666666 2 0.18720445478723405 0.38089333333333336 2 0.17885505319148937 0.388496 2 0.18318849734042553 0.42928866666666665 2 0.17643550531914892 0.41355533333333333 2 0.1834434840425532 0.410401 2
0 0.1435598404255319 0.43378733333333336 0.024486702127659576 0.05757466666666666 0.13620445478723403 0.405578 2 0.14143683510638297 0.41513100000000003 2 0.14607646276595745 0.41395533333333334 1 0.1424527925531915 0.424871 2 0.14458311170212765 0.4600726666666667 1 0.13945744680851063 0.44668366666666665 1 0.14723769946808513 0.4416036666666666 2
0 0.14173038563829787 0.46347283333333333 0.03279587765957447 0.048278999999999996 0.12813563829787233 0.4461656666666667 2 0.13641389627659575 0.4440926666666667 2 0.14217453457446808 0.43995233333333333 2 0.1385807845744681 0.4554923333333334 2 0.14654122340425532 0.48532766666666666 2 0.13474168882978724 0.4765063333333333 2 0.14905086436170215 0.47262566666666667 2
0 0.14996376329787234 0.5211006666666667 0.05591156914893616 0.03220133333333333 0.1298563829787234 0.5285150000000001 2 0.129609375 0.5203043333333334 2 0.12305884308510638 0.5106076666666667 2 0.13896043882978723 0.5182686666666667 2 0.17704853723404257 0.516575 2 0.15927061170212767 0.5232623333333334 2 0.15688563829787233 0.510837 2
0 0.14635289228723405 0.563162 0.04603025265957447 0.05099066666666667 0.16305551861702128 0.5722063333333333 2 0.15834607712765958 0.5767823333333333 2 0.15628058510638299 0.5790483333333333 2 0.1513783244680851 0.5703480000000001 2 0.12808577127659573 0.5388926666666667 2 0.14162566489361703 0.55077 2 0.13170777925531915 0.5610383333333333 2
0 0.28841722074468085 0.510879 0.05356316489361702 0.04709133333333333 0.27039228723404257 0.5320946666666667 2 0.2727586436170213 0.5199206666666667 2 0.2630109707446808 0.5152720000000001 2 0.2788284574468085 0.5145733333333333 2 0.3133656914893617 0.488894 2 0.29774235372340424 0.506108 2 0.290170545212766 0.4984856666666667 2
0 0.5079338430851064 0.5572836666666667 0.042463430851063834 0.04790066666666667 0.5273713430851064 0.5673493333333334 2 0.5160585106382979 0.568793 2 0.5114355053191489 0.5797716666666667 2 0.5105472074468086 0.5615399999999999 2 0.49478457446808505 0.5343596666666667 2 0.5057140957446808 0.538833 2 0.4968470744680851 0.5422126666666667 2
0 0.6070355718085106 0.1532675 0.055826462765957444 0.033868333333333334 0.6266801861702128 0.141916 2 0.6241083776595745 0.148874 2 0.6330076462765958 0.15341533333333332 2 0.6155831117021276 0.15053133333333332 2 0.5803420877659575 0.15929266666666667 2 0.5933713430851064 0.149522 2 0.5986555851063831 0.161375 2
0 0.41110255984042554 0.8194119999999999 0.05824235372340426 0.036823999999999996 0.4391303191489362 0.8203036666666667 2 0.4283909574468085 0.82541 2 0.4319654255319149 0.8350396666666667 2 0.4175714760638298 0.8232143333333334 2 0.38345910904255315 0.8092693333333333 2 0.40170811170212767 0.8099446666666666 2 0.39817021276595743 0.8212793333333334 2
0 0.5848789893617021 0.819065 0.05406648936170213 0.030796666666666667 0.6106512632978723 0.8230063333333333 2 0.6031449468085106 0.8257453333333333 2 0.6042436835106383 0.8308923333333333 2 0.5947044547872341 0.8214370000000001 2 0.558859375 0.814492 2 0.5777370345744681 0.8117776666666667 2 0.5740814494680851 0.8241200000000001 2