0 0.5080121343085107 0.562604 0.05990724734042553 0.037208 0.4791605718085107 0.5651456666666667 2 0.48962200797872335 0.5582186666666666 2 0.4847859042553192 0.550995 2 0.5004783909574468 0.560099 2 0.5362057845744681 0.5704893333333334 2 0.5143942819148937 0.57138 2 0.5178487367021277 0.561979 2
0 0.42960156250000003 0.5459001666666666 0.05002759308510638 0.036467 0.4066981382978723 0.5429756666666666 2 0.41387965425531914 0.5381996666666666 2 0.4105821143617021 0.5288686666666667 2 0.42135405585106384 0.5427553333333334 2 0.45330352393617024 0.561932 2 0.43578989361702125 0.558038 2 0.44187200797872345 0.5473106666666667 2
0 0.4070706449468085 0.5775399999999999 0.05017852393617021 0.056413333333333336 0.3869165558510638 0.5610373333333334 2 0.3959035904255319 0.55916 2 0.40021010638297877 0.5561563333333334 2 0.4004910239361702 0.5695790000000001 2 0.41509507978723403 0.6020566666666667 2 0.4021758643617021 0.5915436666666667 2 0.4177164228723404 0.5873196666666667 2
0 0.5513505651595745 0.39808566666666667 0.03887134308510638 0.052838 0.548860039893617 0.4235756666666667 2 0.5445146276595745 0.4122476666666666 2 0.5332167553191489 0.4107426666666667 2 0.5492553191489362 0.4040883333333334 2 0.5660046542553191 0.3787386666666666 2 0.5605531914893617 0.38269966666666666 2 0.568216755319149 0.3900666666666667 2
0 0.6758636968085107 0.43576966666666667 0.055849734042553195 0.03553933333333333 0.7014222074468086 0.42206366666666667 2 0.6977280585106383 0.431676 2 0.7025654920212766 0.4369673333333334 2 0.6889328457446808 0.43185266666666666 2 0.6490904255319149 0.44040666666666667 2 0.6675605053191489 0.42603233333333335 2 0.6690555186170213 0.44217033333333333 2
0 0.643555352393617 0.7870861666666666 0.05040857712765957 0.04817233333333333 0.6269394946808511 0.8101256666666666 2 0.629219414893617 0.8006436666666666 2 0.6190026595744681 0.7962413333333334 2 0.6369032579787234 0.795056 2 0.6672157579787233 0.7645776666666667 2 0.6583500664893617 0.7843039999999999 2 0.6483866356382979 0.773806 2
0 0.4544089095744681 0.8312073333333333 0.05243484042553191 0.031748 0.43172273936170213 0.8442443333333334 2 0.436282579787234 0.837302 2 0.4291898271276596 0.8332383333333334 2 0.44684541223404256 0.8355940000000001 2 0.4795984042553192 0.8272273333333333 2 0.46824867021276595 0.8376426666666666 2 0.4647373670212766 0.825534 2
0 0.41526196808510635 0.7915905 0.05326329787234043 0.04651433333333334 0.4411123670212766 0.7969466666666667 2 0.4296579122340426 0.8005070000000001 2 0.4278251329787234 0.8133703333333333 2 0.4207234042553192 0.796602 2 0.39082712765957445 0.7700716666666667 2 0.4085817819148936 0.7808676666666667 2 0.40399999999999997 0.7890219999999999 2
0 0.3732802526595745 0.804722 0.05773071808510638 0.034110666666666664 0.3455821143617021 0.812911 2 0.3508510638297872 0.8054456666666666 2 0.3500492021276596 0.8038376666666667 2 0.3597855718085106 0.806709 2 0.4005634973404255 0.802804 2 0.38372539893617025 0.80579 2 0.3784564494680851 0.7938456666666666 2
0 0.4258934507978724 0.260726 0.05524434840425532 0.040118666666666664 0.39947672872340423 0.25641566666666665 2 0.40934574468085105 0.25447966666666666 2 0.41567453457446807 0.24942466666666666 2 0.41653291223404254 0.2582443333333333 2 0.45150299202127664 0.27620633333333333 2 0.43004886968085104 0.26856966666666665 2 0.43294514627659575 0.26319166666666666 2
0 0.3068479055851064 0.194231 0.04521176861702128 0.05712866666666667 0.310796875 0.16942166666666666 2 0.3161456117021277 0.17721866666666666 2 0.32594315159574466 0.17948066666666668 2 0.30896077127659577 0.186252 2 0.288110039893617 0.215508 2 0.28751961436170215 0.20275366666666667 2 0.29866655585106383 0.20853933333333335 2
0 0.16797523271276596 0.3554138333333334 0.03275897606382979 0.05549433333333333 0.158078789893617 0.335779 2 0.1651156914893617 0.33336333333333334 2 0.1699594414893617 0.32874766666666666 2 0.16813630319148937 0.3432426666666667 2 0.16971176861702128 0.38202200000000003 2 0.16080152925531915 0.36440199999999995 2 0.1732596409574468 0.36266466666666664 2