0 0.8284228723404256 0.38958933333333334 0.049797872340425535 0.044512 0.8519102393617021 0.40636666666666665 2 0.8422925531914893 0.40095299999999995 2 0.8412802526595744 0.410173 2 0.8337716090425532 0.39427033333333333 2 0.8049192154255319 0.3687243333333333 2 0.8228886303191488 0.37862133333333337 2 0.8207795877659575 0.3853036666666667 2
0 0.8377641289893616 0.4280103333333333 0.04454421542553191 0.04068733333333333 0.8528324468085107 0.40820433333333334 2 0.8553547207446809 0.42024933333333336 2 0.8570857712765958 0.42885399999999996 2 0.8467732712765957 0.4244433333333333 2 0.8171339760638298 0.44541233333333335 2 0.827013630319149 0.42892633333333335 2 0.8305472074468085 0.44035100000000005 2
0 0.830064494680851 0.5216428333333333 0.057735372340425535 0.035952333333333336 0.8515295877659574 0.505034 2 0.8484271941489362 0.516745 2 0.8571871675531915 0.522875 2 0.8393936170212767 0.522143 2 0.803076795212766 0.5365073333333333 2 0.8189541223404256 0.5217769999999999 2 0.8257975398936169 0.5319326666666667 2
0 0.8086231715425531 0.6261821666666666 0.04676761968085106 0.041031 0.8247430186170214 0.6068866666666667 2 0.8245099734042554 0.6159226666666667 2 0.8299481382978723 0.6206743333333333 2 0.8158866356382979 0.6205183333333334 2 0.7884624335106384 0.6441986666666667 2 0.798328789893617 0.6295543333333333 2 0.8062533244680851 0.6389016666666666 2
0 0.7312458444148936 0.5836838333333333 0.04560339095744681 0.052034333333333335 0.711783909574468 0.5619406666666666 2 0.7235924202127659 0.5652903333333333 2 0.7298853058510638 0.5585133333333333 2 0.7289527925531915 0.5732356666666667 2 0.7517157579787235 0.6068866666666667 2 0.735090425531915 0.5944233333333333 2 0.7479867021276596 0.590996 2
0 0.603725897606383 0.8123613333333333 0.051866688829787226 0.038056 0.6287107712765958 0.8007173333333334 2 0.6264584441489361 0.8087406666666668 2 0.6276695478723404 0.8106843333333333 2 0.6172117686170213 0.8089783333333334 2 0.5785219414893616 0.81983 2 0.5949474734042554 0.8134646666666666 2 0.5977689494680851 0.824781 2
0 0.5383803191489362 0.8309031666666666 0.05481914893617021 0.029806333333333334 0.5651027260638297 0.8280256666666668 2 0.5565275930851065 0.835311 2 0.5569202127659574 0.8395116666666667 2 0.5471013962765957 0.8307166666666667 2 0.5136522606382978 0.8198216666666667 2 0.5312606382978723 0.819756 2 0.5242566489361702 0.831045 2
0 0.39799384973404256 0.8178466666666666 0.047317486702127654 0.04702666666666667 0.41529554521276596 0.8403936666666667 2 0.4069797207446808 0.8371419999999999 2 0.3970006648936171 0.8385593333333333 2 0.401906914893617 0.8287206666666665 2 0.38427726063829787 0.7952013333333333 2 0.3992460106382979 0.8070416666666667 2 0.3838617021276596 0.8183813333333333 2
0 0.15477759308510639 0.5917086666666667 0.03628390957446808 0.05541733333333334 0.16190691489361703 0.612656 2 0.15705485372340425 0.6093776666666667 2 0.14977692819148936 0.6176266666666667 2 0.15462898936170213 0.600917 2 0.14724534574468084 0.5649593333333333 2 0.15441788563829786 0.5756406666666667 2 0.14260438829787234 0.5827266666666667 2
0 0.15246658909574468 0.5395593333333333 0.03565126329787234 0.05911866666666667 0.1610628324468085 0.5647476666666666 2 0.15273038563829788 0.5617863333333333 2 0.14555784574468086 0.5679203333333334 2 0.15114827127659575 0.5529026666666667 2 0.14555784574468086 0.510917 2 0.1517809175531915 0.5323856666666666 2 0.14038962765957447 0.533655 2
0 0.5181424534574468 0.688781 0.0568966090425532 0.043562000000000003 0.5441791888297872 0.6933536666666668 2 0.5368956117021276 0.697186 2 0.5378331117021277 0.7089 2 0.5272267287234043 0.6932483333333332 2 0.49114594414893614 0.6740896666666667 2 0.5003264627659575 0.675053 2 0.49947240691489364 0.6849 2
0 0.40729089095744686 0.28286833333333333 0.0479594414893617 0.03840333333333333 0.38403690159574466 0.286539 2 0.3923414228723404 0.27849233333333334 2 0.3935279255319149 0.26477766666666663 2 0.4002184175531915 0.280733 2 0.4304152260638298 0.295315 2 0.4244202127659574 0.2946473333333333 2 0.4270847739361702 0.291085 2