0 0.8396738696808511 0.41271433333333335 0.03440093085106383 0.05609533333333333 0.8350558510638297 0.38586299999999996 2 0.8419501329787233 0.39172466666666667 2 0.8533783244680851 0.39375366666666667 2 0.8399724069148937 0.4032076666666667 2 0.839575465425532 0.4397616666666667 2 0.8311469414893617 0.421333 2 0.8485618351063831 0.4254023333333334 2
0 0.8272380319148935 0.36502650000000003 0.030805851063829787 0.05338633333333333 0.8200688164893617 0.340141 2 0.8287752659574469 0.34685266666666664 2 0.8321771941489361 0.3498606666666667 1 0.8253537234042554 0.35784200000000005 2 0.8211479388297872 0.3904033333333333 2 0.8166811835106383 0.3747553333333334 2 0.8315890957446809 0.38161966666666663 2
0 0.804375664893617 0.335111 0.03694281914893617 0.06288866666666666 0.8099647606382978 0.30494533333333335 2 0.8134501329787235 0.31560733333333335 2 0.8219205452127659 0.31520933333333334 2 0.8101742021276596 0.326524 2 0.7951040558510638 0.36205266666666663 2 0.7944278590425532 0.347527 2 0.8102087765957448 0.352727 2
0 0.785586602393617 0.3807153333333333 0.06186469414893617 0.041430666666666664 0.8103530585106383 0.37482499999999996 2 0.8083902925531915 0.38523633333333335 2 0.8140206117021277 0.3949226666666667 2 0.7975950797872341 0.38186966666666666 2 0.760283244680851 0.368153 2 0.7780066489361702 0.367666 2 0.7729082446808511 0.3791903333333333 2
0 0.7846858377659575 0.2964655 0.04543550531914893 0.05759766666666667 0.7902007978723404 0.27212333333333333 2 0.7962327127659575 0.2778636666666667 2 0.8005408909574468 0.28273966666666667 2 0.7906316489361701 0.2892823333333333 2 0.7754893617021277 0.3197276666666667 2 0.7759817154255318 0.29781566666666665 2 0.7926000664893618 0.30664233333333335 2
0 0.5936215093085107 0.20520066666666667 0.03365259308510638 0.05173466666666667 0.5778520611702128 0.19401933333333332 2 0.5862912234042553 0.19226 2 0.586860039893617 0.18413 2 0.5916486037234043 0.199059 2 0.6083404255319149 0.22993733333333333 2 0.5932623005319149 0.2152126666666667 2 0.6034461436170212 0.213471 2
0 0.602895777925532 0.17407450000000002 0.04688198138297872 0.026815666666666668 0.5805292553191489 0.18052966666666667 2 0.5865734707446808 0.17566966666666667 2 0.5848311170212767 0.165622 2 0.5963204787234042 0.17747166666666667 2 0.6257792553191489 0.17900066666666664 2 0.6139630984042553 0.184079 2 0.6162500000000001 0.17102799999999999 2
0 0.5838407579787234 0.16140366666666667 0.05464960106382979 0.035474 0.5928922872340425 0.14508066666666666 2 0.6007370345744681 0.15272833333333333 2 0.6103543882978724 0.16005566666666665 2 0.5924281914893617 0.15680166666666664 2 0.5577160904255318 0.17235533333333333 2 0.5702712765957447 0.154086 2 0.5753181515957447 0.168899 2
0 0.4128046875 0.1853921666666667 0.05366788563829787 0.043451000000000004 0.39603257978723405 0.20479633333333333 2 0.39902759308510644 0.19306033333333333 2 0.3892104388297872 0.18683066666666664 2 0.4089557845744681 0.18877733333333332 2 0.4386286569148936 0.16858700000000001 2 0.4282569813829787 0.18082366666666666 2 0.4217679521276596 0.17070066666666667 2
0 0.37560289228723404 0.17598733333333333 0.04974301861702128 0.04464133333333334 0.39174534574468084 0.15493966666666667 2 0.39168916223404254 0.16558233333333333 2 0.39885804521276597 0.169658 2 0.38316522606382974 0.171696 2 0.3516918218085106 0.19155166666666665 2 0.36038497340425535 0.17700333333333332 2 0.37043317819148935 0.19115566666666667 2
0 0.1586580784574468 0.5966358333333334 0.040720412234042554 0.05593833333333333 0.13990492021276596 0.5822433333333333 2 0.14569414893617022 0.581329 2 0.14579886968085107 0.5698793333333333 2 0.15207646276595746 0.5888723333333333 2 0.17672938829787233 0.6161306666666667 2 0.15936070478723405 0.6115133333333334 2 0.1699371675531915 0.598667 2
0 0.49402593085106383 0.8550563333333333 0.05254654255319149 0.026779333333333332 0.5182034574468085 0.8487023333333333 2 0.5152101063829787 0.8548336666666667 2 0.5192293882978724 0.861798 2 0.5066715425531915 0.8577603333333333 2 0.46878191489361704 0.8615219999999999 2 0.4775608377659574 0.8550866666666668 2 0.4818480718085106 0.8666123333333333 2