0 0.7980887632978723 0.3191138333333333 0.04830518617021276 0.049561 0.8086003989361702 0.295514 2 0.8086994680851064 0.30785166666666663 2 0.8200880984042552 0.31245566666666663 2 0.803532579787234 0.3151296666666667 2 0.7768048537234042 0.34215799999999996 2 0.7830857712765957 0.3264806666666667 2 0.7933859707446809 0.33058333333333334 2
0 0.805547539893617 0.34042083333333334 0.05058976063829788 0.051508333333333337 0.8233314494680851 0.31675733333333334 2 0.8213374335106384 0.3294296666666667 2 0.8261971409574468 0.338821 2 0.8127450132978724 0.33622433333333335 2 0.7862041223404256 0.36176366666666665 2 0.7879906914893616 0.3481246666666667 2 0.8009966755319149 0.35898766666666665 2
0 0.8321404587765958 0.3682838333333333 0.033296875 0.05523433333333334 0.847754654255319 0.38378733333333337 2 0.8383480718085107 0.38536566666666666 2 0.8317613031914894 0.39502333333333334 2 0.8355136303191489 0.375225 2 0.8249152260638297 0.34158799999999995 2 0.8331928191489362 0.35672766666666667 2 0.8254368351063831 0.35901299999999997 2
0 0.8427486702127659 0.4277371666666666 0.036561170212765955 0.05947433333333334 0.8524002659574468 0.4360873333333333 1 0.850156914893617 0.44194733333333336 2 0.8509478058510638 0.45449933333333337 2 0.8449677526595745 0.43686100000000005 2 0.826094414893617 0.40535066666666664 2 0.8411326462765957 0.4091613333333333 2 0.8307101063829787 0.4331073333333333 2
0 0.8131128656914893 0.4308825 0.0417842420212766 0.051765 0.810295545212766 0.4059403333333333 2 0.8195412234042553 0.41495033333333337 2 0.8288813164893617 0.422859 2 0.815561170212766 0.42316600000000004 2 0.7932260638297872 0.4523083333333333 2 0.7975498670212766 0.44619800000000004 2 0.8075172872340426 0.45110266666666665 2
0 0.7861610704787234 0.4585115 0.0470561835106383 0.047022999999999995 0.7674933510638298 0.4442986666666667 2 0.7752699468085107 0.442888 2 0.7773849734042553 0.44117999999999996 2 0.7796356382978723 0.45136 2 0.8085342420212766 0.4801473333333333 2 0.791511635638298 0.46741 2 0.8019943484042553 0.46180033333333337 2
0 0.8195375664893617 0.4953 0.045325132978723405 0.04526666666666667 0.7986755319148937 0.4826236666666667 2 0.8063420877659574 0.48186700000000005 2 0.8048218085106383 0.47676033333333334 1 0.815888630319149 0.48897 2 0.8408437499999999 0.5157769999999999 2 0.8232739361702127 0.5059523333333333 2 0.8316246675531915 0.49941966666666665 2
0 0.8463803191489361 0.4869585 0.029196808510638297 0.055917 0.859593085106383 0.5040633333333333 2 0.8530226063829787 0.5036080000000001 2 0.8498660239361702 0.5135713333333333 2 0.8480485372340425 0.494152 2 0.8416303191489362 0.460471 2 0.8511007313829787 0.4707946666666667 2 0.8410398936170213 0.4741106666666667 2
0 0.8063375997340425 0.5884368333333333 0.03488264627659575 0.05087366666666667 0.8083045212765958 0.611942 2 0.8029697473404256 0.6043606666666667 2 0.7942051196808511 0.605342 2 0.8083221409574468 0.5964523333333334 2 0.8180219414893617 0.5643026666666666 2 0.8202699468085106 0.5811183333333333 2 0.8098756648936171 0.5769346666666667 2
0 0.7446251662234042 0.6643225 0.03246841755319149 0.058645 0.7425615026595744 0.6361753333333333 2 0.7477882313829788 0.6434473333333334 2 0.7552795877659574 0.6478953333333333 2 0.7469365026595745 0.6507986666666666 2 0.7415784574468085 0.6926206666666667 2 0.7375894281914893 0.6790016666666667 2 0.7454614361702128 0.6796 2
0 0.7689504654255319 0.696292 0.034576462765957446 0.046584 0.7683656914893617 0.715433 2 0.7630069813829787 0.7095096666666667 2 0.7528005319148936 0.7100133333333333 2 0.7657197473404255 0.7007263333333333 2 0.7788686835106383 0.6735836666666667 2 0.7801382978723405 0.6769153333333333 2 0.7772007978723405 0.6768160000000001 2
0 0.7049401595744681 0.7324771666666667 0.04219414893617021 0.047621 0.6892214095744681 0.722494 2 0.6964138962765958 0.721054 2 0.6992450132978724 0.7095506666666667 2 0.7005555186170214 0.7290066666666667 2 0.7244637632978723 0.754719 2 0.7140265957446809 0.7511256666666667 2 0.7219448138297873 0.7454890000000001 2