0 0.15127160904255318 0.41367933333333334 0.04522938829787235 0.038025333333333335 0.13085405585106383 0.4280796666666667 2 0.1333251329787234 0.42193966666666666 2 0.13139128989361704 0.40901333333333334 2 0.14084541223404257 0.41816933333333334 2 0.17264594414893616 0.39705633333333334 2 0.1597536569148936 0.412568 2 0.15266323138297871 0.40244233333333335 2
0 0.17648803191489362 0.362991 0.03781648936170213 0.049982 0.17500432180851064 0.386255 2 0.16716655585106382 0.378636 2 0.15968949468085106 0.37826066666666663 2 0.17093184840425532 0.36900099999999997 2 0.1930152925531915 0.33926700000000004 2 0.18859873670212765 0.3545653333333333 2 0.18177293882978723 0.3467436666666667 2
0 0.18708377659574468 0.3311051666666667 0.05302393617021277 0.034877 0.16741190159574468 0.347886 2 0.16727626329787232 0.337484 2 0.16110571808510638 0.328782 2 0.17690458776595747 0.3315693333333333 2 0.21168882978723405 0.3168843333333333 2 0.20402659574468085 0.32477066666666665 2 0.19914494680851064 0.31572866666666666 2
0 0.1992310505319149 0.29330616666666665 0.04340890957446809 0.051279 0.18436336436170214 0.31709666666666664 2 0.18319913563829787 0.30642400000000003 2 0.1783759973404255 0.2975023333333333 2 0.1897686170212766 0.300087 2 0.22003856382978723 0.27015333333333336 2 0.20914461436170212 0.28649600000000003 2 0.20265824468085106 0.27824133333333334 2
0 0.27720777925531914 0.21750483333333334 0.04710172872340425 0.04900966666666667 0.2603583776595745 0.237205 2 0.2608201462765958 0.22713333333333333 2 0.2549318484042553 0.22285 2 0.27017220744680853 0.22203966666666666 2 0.29972972074468085 0.20212766666666668 2 0.28737566489361704 0.21648266666666666 2 0.2834501329787234 0.20386433333333331 2
0 0.3107199135638298 0.24278383333333334 0.04098769946808511 0.05556766666666667 0.3130073138297872 0.268809 2 0.30642619680851063 0.263947 2 0.30411702127659573 0.2622103333333333 1 0.31046742021276597 0.254454 2 0.31069813829787235 0.21648266666666666 2 0.31358477393617024 0.23419500000000001 2 0.30203889627659575 0.23303733333333332 2
0 0.5302940492021276 0.1735056666666667 0.05659873670212766 0.035678 0.504016289893617 0.178151 2 0.5059584441489362 0.17229333333333333 2 0.5054491356382979 0.16438266666666668 2 0.5167726063829787 0.17191933333333334 2 0.5565990691489362 0.176032 2 0.5414591090425532 0.1785 2 0.542503324468085 0.167956 2
0 0.474501329787234 0.13316316666666667 0.05538563829787234 0.035659666666666666 0.4487995345744681 0.12806433333333334 2 0.45946775265957446 0.12467099999999999 2 0.4630728058510638 0.11677766666666668 2 0.46881150265957444 0.12894966666666666 2 0.5007426861702128 0.14864633333333335 2 0.48021542553191493 0.14407266666666668 2 0.4858806515957447 0.13544166666666665 2
0 0.5807380319148936 0.28716 0.043125 0.050986666666666666 0.6002317154255319 0.301831 2 0.5912892287234043 0.30137366666666665 2 0.5821645611702128 0.302746 2 0.5861795212765958 0.29442033333333334 2 0.5603560505319148 0.26303866666666664 2 0.5740435505319149 0.271273 2 0.5707583111702127 0.279873 2
0 0.5475026595744681 0.34895583333333335 0.036494680851063825 0.05391166666666667 0.5406715425531915 0.32365866666666665 2 0.5504212101063829 0.330953 2 0.561296210106383 0.3256136666666667 2 0.5492214095744681 0.3393753333333333 2 0.5397712765957448 0.3702823333333333 2 0.5370934175531915 0.3569983333333333 2 0.5446462765957447 0.3608823333333333 2
0 0.3071951462765957 0.7772163333333333 0.03792752659574468 0.05309933333333333 0.3180043218085106 0.8025066666666667 2 0.30927360372340423 0.799652 2 0.3027253989361702 0.8006036666666667 2 0.30642652925531916 0.790137 2 0.30177659574468085 0.7526473333333333 2 0.3126898271276596 0.7715823333333333 2 0.2963673537234042 0.7709163333333333 2
0 0.2621893284574468 0.7476888333333332 0.04033610372340426 0.050711000000000006 0.27536469414893616 0.769668 2 0.26636369680851063 0.7653226666666666 2 0.26256316489361703 0.771874 2 0.26349667553191486 0.756498 2 0.24429454787234042 0.723607 2 0.25822938829787234 0.7370443333333333 2 0.24629488031914895 0.7435956666666667 2