0 0.3570837646484375 0.2591194 0.0404459228515625 0.04325093333333334 0.3426590087890625 0.27842786666666663 2 0.3459116455078125 0.2689667 2 0.3389821044921875 0.26587736666666667 2 0.35816375249750926 0.2579881914981818 2 0.3727813232421875 0.2456035 2 0.367407373046875 0.25854013333333337 2 0.3607606689453125 0.2403902 2
0 0.339901318359375 0.31376233333333337 0.0403045166015625 0.0509743 0.32488662109375 0.3063208 2 0.33068447265625 0.3020801 2 0.331616259765625 0.2893579333333333 2 0.3376211669921875 0.311551 2 0.355669580078125 0.3330707666666667 2 0.3452826171875 0.32681756666666667 2 0.351427001953125 0.31492083333333337 1
0 0.4188391845703125 0.42454766666666666 0.0393337646484375 0.046149466666666666 0.4306594482421875 0.43292596666666666 2 0.4270379150390625 0.43471153333333334 2 0.4241205810546875 0.44418863333333336 2 0.419895458984375 0.4255091 2 0.401687255859375 0.40573076666666663 2 0.4105398681640625 0.4132849666666667 2 0.4077231201171875 0.42248739999999996 2
0 0.302346875 0.4193283666666667 0.029273974609375 0.05768683333333333 0.2948523193359375 0.40325846666666665 2 0.30068701171875 0.4025717 2 0.306119287109375 0.3929572333333333 2 0.30312854926141297 0.41781959376212124 2 0.307829443359375 0.4447380333333333 2 0.3017935791015625 0.4315524666666667 2 0.3082318359375 0.42756933333333336 2
0 0.297819970703125 0.5909466999999999 0.0294751708984375 0.047660299999999996 0.28911826171875 0.5976081666666666 2 0.2931421630859375 0.5878563333333333 2 0.289721826171875 0.5815382666666666 2 0.2955565185546875 0.5871696000000001 2 0.3038055419921875 0.5826370666666667 2 0.3035037353515625 0.5915647666666667 2 0.301994775390625 0.5764563333333333 2
0 0.5333195556640625 0.8771833 0.0421505126953125 0.03914463333333333 0.5518798583984375 0.8756037666666666 2 0.5477553466796875 0.8823338999999999 2 0.5493649169921875 0.8922230666666666 2 0.536890771484375 0.8795869 2 0.513753271484375 0.8736808666666668 2 0.5234106689453125 0.8739555666666666 2 0.5204933349609375 0.8801363 2
0 0.646583447265625 0.8463658999999999 0.0419670166015625 0.04265683333333333 0.664281494140625 0.8366326666666667 2 0.66254580078125 0.8442499666666666 2 0.6666990966796875 0.8529675333333333 2 0.652255517578125 0.8462812333333333 2 0.628575439453125 0.8496667000000001 2 0.640415478515625 0.8454348666666667 2 0.6385557861328125 0.8553373666666666 2
0 0.767804296875 0.7303291333333334 0.02777138671875 0.05467523333333334 0.7737552978515625 0.7563125666666667 2 0.76693642578125 0.751319 2 0.7627831298828125 0.7523346333333334 2 0.769044091796875 0.7360844000000001 2 0.77381728515625 0.7048535 2 0.775614990234375 0.717549 2 0.76861015625 0.7130632666666668 2
0 0.807527783203125 0.6810626666666667 0.033850341796875 0.05784213333333333 0.8105040283203125 0.6832051666666666 2 0.809093603515625 0.6896520666666667 2 0.8019188232421876 0.6958478 2 0.8082964111328125 0.6863030333333333 2 0.8038811767578125 0.6791026 2 0.8065793701171875 0.6669623 2 0.7962771240234375 0.6883962 2
0 0.794335302734375 0.5660266333333334 0.0348052490234375 0.05968723333333333 0.778924560546875 0.5504964999999999 2 0.788150048828125 0.5516415666666666 2 0.793286962890625 0.5373281 2 0.794544970703125 0.5628061 2 0.8097460693359375 0.5925781333333333 2 0.8004157470703125 0.5855645333333334 2 0.80691552734375 0.5761176333333333 2
0 0.8288260498046875 0.5842047333333333 0.0295635009765625 0.057683333333333336 0.836688671875 0.6094680333333333 2 0.8293502197265625 0.6030269666666667 2 0.8201247314453125 0.6066053333333333 2 0.8283018798828125 0.5897154333333333 2 0.835325830078125 0.5562219 2 0.8323904296875 0.5765470333333333 2 0.82704384765625 0.5722529666666667 2
0 0.8354306640625 0.5282390333333333 0.02893447265625 0.05854213333333333 0.8418255859375 0.5497808333333333 2 0.8362693359375 0.5466318666666666 2 0.8285115478515624 0.5562219 2 0.835535498046875 0.5347516666666667 2 0.83605966796875 0.5031188666666667 2 0.840672412109375 0.5170029333333334 2 0.8289308837890625 0.5192931000000001 2
0 0.8093267333984375 0.5284537333333333 0.03669228515625 0.04551686666666667 0.793391796875 0.5370418333333333 2 0.7951739990234375 0.5274518 2 0.794544970703125 0.5195793666666667 2 0.8040849609375 0.5290262666666666 2 0.825681005859375 0.5414789999999999 2 0.812995947265625 0.5381869 2 0.81760869140625 0.5301713333333333 2
0 0.781255859375 0.317637 0.03584912109375 0.06143849999999999 0.78478076171875 0.28855613333333335 2 0.7879306884765624 0.3010486333333333 2 0.79723046875 0.29900066666666664 2 0.783280810546875 0.3127219333333333 2 0.770831103515625 0.34466996666666666 2 0.7724810791015625 0.32541923333333334 2 0.782680810546875 0.33258703333333334 2
0 0.675283447265625 0.14571163333333334 0.042298974609375 0.0452597 0.6773833984375 0.14397086666666667 2 0.68113330078125 0.146838 2 0.687733154296875 0.15605376666666665 2 0.6785833740234375 0.14663320000000002 2 0.6607338134765625 0.1431517 2 0.6620837646484375 0.14827156666666666 2 0.667633642578125 0.15257226666666665 2