0 0.8019843750000001 0.6665496666666666 0.040803856382978725 0.05109933333333334 0.8023274601063829 0.691138 2 0.7965907579787234 0.6872866666666667 2 0.7851648936170212 0.6882376666666667 2 0.7976336436170214 0.678586 2 0.807733710106383 0.6418336666666666 2 0.813328125 0.6568103333333334 2 0.8011911569148936 0.6549086666666667 2
0 0.7818392619680851 0.6604083333333333 0.038412566489361706 0.04081666666666667 0.7865851063829786 0.641331 2 0.7915498670212766 0.6489320000000001 2 0.7978666888297873 0.6522063333333333 2 0.7855521941489361 0.656429 2 0.7634564494680851 0.6795603333333333 2 0.7665684840425533 0.6722133333333333 2 0.7770066489361702 0.6688973333333333 2
0 0.7597960438829787 0.6384906666666667 0.03687932180851064 0.054314666666666664 0.7684464760638298 0.6630016666666667 2 0.7582656249999999 0.658935 2 0.7469634308510639 0.6646456666666666 2 0.7590422207446809 0.6502826666666667 2 0.7634424867021277 0.6119533333333333 2 0.7714664228723404 0.6347953333333333 2 0.7588696808510638 0.631767 2
0 0.8243184840425533 0.6198908333333333 0.05089760638297872 0.055115 0.821138630319149 0.6463766666666667 2 0.814470744680851 0.6408446666666667 2 0.8048324468085107 0.6450393333333333 2 0.8179863696808511 0.6307536666666667 2 0.8284660904255319 0.5932673333333333 2 0.8364953457446808 0.6134713333333334 2 0.8177606382978724 0.6095946666666667 2
0 0.7951766954787235 0.575461 0.04381083776595744 0.04958866666666666 0.8156988031914894 0.5891616666666666 2 0.8045166223404255 0.5893296666666666 2 0.8021126994680852 0.5978523333333333 2 0.7982546542553192 0.5827136666666667 2 0.7745861037234042 0.5518193333333333 2 0.7889551196808511 0.565949 2 0.7825255984042553 0.573406 2
0 0.6501698803191489 0.8180285 0.04103125 0.040057 0.6438490691489362 0.8370573333333333 2 0.6406190159574467 0.833066 2 0.6328892952127659 0.8343383333333333 2 0.6456948138297872 0.8260666666666666 2 0.6612430186170213 0.798879 2 0.6618198138297872 0.8132826666666666 2 0.6503410904255319 0.8066303333333333 2
0 0.5706346409574469 0.8368483333333333 0.06480651595744681 0.042363333333333336 0.6019225398936171 0.8463576666666667 2 0.5915322473404255 0.8509396666666666 2 0.5880684840425532 0.855669 2 0.582762965425532 0.844658 2 0.5485701462765957 0.8245573333333334 2 0.565298204787234 0.8260353333333335 2 0.555202460106383 0.839559 2
0 0.37237932180851063 0.8316293333333333 0.054599069148936176 0.036592 0.3603879654255319 0.8448709999999999 2 0.3563740026595745 0.8413576666666667 2 0.34703158244680854 0.8344773333333333 2 0.36527825797872343 0.8363803333333334 2 0.3978301196808511 0.8208633333333334 2 0.38790392287234043 0.8395276666666667 2 0.3792915558510639 0.822181 2
0 0.20593799867021276 0.3285625 0.045519614361702126 0.05445833333333333 0.2059251994680851 0.302738 2 0.21539195478723405 0.30649600000000005 2 0.22456316489361702 0.30234266666666665 2 0.21184175531914895 0.31727533333333335 2 0.20043783244680852 0.35466966666666666 2 0.1944717420212766 0.33825333333333335 2 0.21237001329787233 0.343 2
0 0.28305934175531916 0.22455916666666667 0.04151761968085107 0.055784999999999994 0.28992386968085104 0.20774666666666666 1 0.29193550531914897 0.20831166666666664 2 0.3028799867021277 0.215494 2 0.292579454787234 0.22082033333333334 2 0.2811519281914894 0.25132566666666667 2 0.2723803191489362 0.23655733333333334 2 0.2929817154255319 0.23752566666666666 2
0 0.5317440159574468 0.153886 0.05417952127659575 0.03710533333333334 0.5386070478723405 0.14285766666666666 2 0.545375664893617 0.14254933333333333 2 0.5567596409574468 0.148926 2 0.5373248005319149 0.15016000000000002 2 0.5095315824468085 0.17052433333333333 2 0.5141466090425533 0.15663966666666665 2 0.5258384308510639 0.16851866666666665 2
0 0.564168550531915 0.155609 0.05453390957446809 0.040551333333333335 0.5735864361702128 0.138998 2 0.578892619680851 0.144845 2 0.5858543882978723 0.14789266666666667 2 0.5726692154255318 0.15469966666666665 2 0.5478404255319149 0.17480266666666666 2 0.5474474734042553 0.15896966666666668 2 0.5650043218085106 0.17164933333333332 2