0 0.14646874999999998 0.5272186666666666 0.03296409574468085 0.057104 0.14503490691489362 0.5512796666666666 1 0.13398171542553192 0.547597 2 0.13257546542553192 0.5542353333333333 2 0.14045079787234044 0.5395753333333334 2 0.14664128989361702 0.49956466666666666 2 0.14788630319148935 0.518744 2 0.13742287234042552 0.5174943333333333 2
0 0.14743051861702128 0.5730191666666666 0.03821210106382979 0.048038333333333336 0.14052460106382977 0.5902986666666666 2 0.1388716755319149 0.5828633333333333 2 0.13269481382978723 0.5763893333333333 2 0.14753590425531915 0.5762396666666667 2 0.15864893617021278 0.5498763333333333 2 0.16361103723404255 0.5664896666666667 2 0.14648636968085105 0.5533636666666666 2
0 0.17740674867021278 0.5467976666666666 0.031675199468085107 0.05559533333333334 0.18602759308510639 0.5735896666666667 2 0.17673836436170212 0.567667 2 0.1680438829787234 0.5642776666666667 2 0.17632945478723405 0.5591816666666667 2 0.17140625 0.5194123333333334 2 0.17809873670212767 0.5397609999999999 2 0.1707536569148936 0.5384920000000001 2
0 0.1631821808510638 0.6080243333333334 0.044449468085106386 0.049381999999999995 0.1458753324468085 0.5997906666666667 2 0.15177027925531913 0.5944123333333333 2 0.16022573138297871 0.5889353333333334 2 0.15986369680851065 0.6014003333333333 2 0.1840814494680851 0.6301880000000001 2 0.16841190159574468 0.6207586666666667 2 0.1754311835106383 0.6109566666666666 2
0 0.3071328125 0.78372 0.051765625 0.029439999999999997 0.28979621010638296 0.792191 2 0.286921875 0.782142 2 0.2818045212765957 0.776853 2 0.2970688164893617 0.7814036666666666 2 0.3318261303191489 0.7851953333333332 2 0.3152583111702128 0.792073 2 0.3146715425531915 0.7778216666666667 2
0 0.5721110372340426 0.8209810000000001 0.044488031914893617 0.044628666666666664 0.5641745345744681 0.8418003333333333 2 0.5610890957446809 0.8363433333333334 2 0.5527440159574468 0.8403539999999999 2 0.5656030585106383 0.8253670000000001 2 0.5899953457446808 0.8001866666666666 2 0.5829687499999999 0.8153590000000001 2 0.5741210106382978 0.8097953333333333 2
0 0.6252074468085106 0.8057511666666666 0.04629255319148936 0.041502333333333336 0.6248902925531915 0.823019 2 0.6147426861702128 0.8199733333333333 2 0.6030698138297873 0.8208616666666667 2 0.622172539893617 0.8125746666666667 2 0.6475146276595745 0.7871119999999999 2 0.6407204122340425 0.8039413333333334 2 0.6309910239361702 0.7944433333333333 2
0 0.6256708776595745 0.7535933333333334 0.04721941489361702 0.043853333333333334 0.6048357712765957 0.7475613333333334 2 0.6155179521276596 0.7437723333333334 2 0.6213487367021276 0.7336 2 0.6221589095744681 0.7508643333333332 2 0.6410113031914894 0.773317 2 0.6301190159574468 0.7711633333333333 2 0.6375322473404255 0.7671326666666667 1
0 0.7907885638297872 0.5204901666666666 0.05431648936170212 0.041647 0.8042483377659575 0.5009546666666667 2 0.8053593750000001 0.5136686666666667 2 0.8169228723404256 0.5162463333333334 2 0.7994837101063831 0.520905 2 0.7657639627659575 0.539963 2 0.7778487367021276 0.527938 2 0.7836562499999999 0.5350203333333333 2
0 0.8437134308510638 0.5038768333333333 0.04447473404255319 0.04375366666666666 0.8492845744680851 0.492765 2 0.8511053856382979 0.5030626666666667 2 0.8539800531914893 0.5122899999999999 1 0.8456964760638298 0.5039183333333334 2 0.8224923537234042 0.5119533333333333 2 0.8291466090425531 0.507109 2 0.8343035239361702 0.5205393333333334 2
0 0.8289872007978724 0.48176216666666666 0.03629886968085106 0.05152433333333334 0.8314494680851063 0.5057873333333334 2 0.8260113031914893 0.49990033333333334 2 0.8190571808510639 0.502607 2 0.8298071808510639 0.4915786666666667 2 0.8417317154255319 0.4572063333333333 2 0.8401668882978724 0.47578899999999996 2 0.8302170877659575 0.4740973333333333 2
0 0.7997726063829786 0.380369 0.06297606382978722 0.042071333333333336 0.7704886968085106 0.381494 2 0.7787250664893618 0.376102 2 0.7739943484042554 0.363876 2 0.7898530585106384 0.37682466666666664 2 0.8279634308510638 0.3755276666666667 2 0.8163703457446808 0.37993699999999997 2 0.8135325797872341 0.368391 2