0 0.7397072805851064 0.23183083333333335 0.0439092420212766 0.054995 0.7181978058510639 0.21754199999999999 2 0.7315681515957446 0.21419066666666667 2 0.7344547872340424 0.20581200000000002 2 0.7368859707446808 0.22135066666666667 2 0.7595242686170213 0.25715066666666664 2 0.7456981382978723 0.239022 2 0.7534468085106383 0.23490899999999998 2
0 0.7049815492021276 0.20954566666666666 0.0382875664893617 0.050424666666666666 0.6881146941489362 0.192406 2 0.7008773271276596 0.191035 2 0.7113607047872341 0.18616000000000002 2 0.706954454787234 0.19773766666666664 2 0.7222443484042553 0.23284666666666665 2 0.7108946143617022 0.21473766666666666 2 0.7202702792553191 0.21077933333333332 2
0 0.6600417220744681 0.17976183333333332 0.04614727393617021 0.042857 0.640891289893617 0.16599133333333332 2 0.6484564494680851 0.16510633333333333 2 0.6565259308510638 0.16270433333333334 2 0.6548869680851064 0.17079533333333333 2 0.6816170212765957 0.199493 2 0.6541924867021276 0.18748766666666666 2 0.6703952792553192 0.181162 2
0 0.4502172539893617 0.13784916666666666 0.053360039893617026 0.03569833333333333 0.42470545212765953 0.14070466666666667 2 0.4335837765957447 0.13234766666666667 2 0.435123670212766 0.12081166666666666 2 0.44137499999999996 0.13343766666666665 2 0.472267619680851 0.14124966666666666 2 0.46212101063829786 0.14406566666666668 2 0.4638420877659575 0.13698033333333332 2
0 0.40128889627659575 0.20535366666666668 0.053242686170212765 0.03804066666666667 0.3834597739361702 0.21337933333333334 2 0.3852134308510638 0.20882399999999998 2 0.3759677526595745 0.204189 2 0.39318384308510634 0.205148 2 0.42681948138297876 0.18812533333333334 2 0.41916755319148935 0.19771566666666668 2 0.41223337765957446 0.189404 2
0 0.8113101728723404 0.3773686666666667 0.059455452127659576 0.041404 0.8371565824468085 0.36688533333333334 2 0.8349581117021276 0.375032 2 0.8397373670212765 0.3800156666666667 2 0.8252081117021277 0.377907 2 0.7849657579787235 0.3836576666666667 2 0.8021715425531915 0.374265 2 0.8058992686170213 0.38912066666666667 2
0 0.6502345412234043 0.3540723333333334 0.04714461436170213 0.05681133333333333 0.6594238696808511 0.32886133333333334 2 0.6628740026595744 0.338713 2 0.6646738696808511 0.33923933333333334 1 0.6551486037234042 0.3437516666666667 2 0.6303976063829787 0.37443433333333337 2 0.6414980053191489 0.357288 2 0.6483982712765958 0.36616200000000004 2
0 0.3859793882978724 0.340563 0.03924601063829788 0.05645933333333333 0.38712732712765957 0.36684500000000003 2 0.38189760638297876 0.36119266666666666 2 0.37300066489361705 0.361942 2 0.3837313829787234 0.350297 2 0.3964318484042553 0.31379633333333334 2 0.39432646276595745 0.33654133333333336 2 0.3860405585106383 0.334907 2
0 0.1446391289893617 0.545412 0.04526230053191489 0.04215733333333333 0.12591356382978722 0.5463756666666667 2 0.1280212765957447 0.538367 2 0.12824301861702128 0.5304696666666667 2 0.13704886968085106 0.5438313333333333 2 0.16540724734042553 0.5645066666666667 2 0.14743517287234043 0.5616146666666667 2 0.15442420212765956 0.5472656666666667 2
0 0.16515724734042553 0.6226673333333334 0.038426196808510636 0.057334666666666666 0.14981682180851064 0.604306 2 0.1587373670212766 0.6051086666666666 2 0.1623969414893617 0.5947883333333334 2 0.16376928191489362 0.614282 2 0.1780648271276596 0.6498293333333334 2 0.16262566489361702 0.6340053333333333 2 0.17051695478723403 0.6287303333333334 2
0 0.7717770944148937 0.4660748333333333 0.04820844414893617 0.04481633333333334 0.7949630984042553 0.47471 2 0.7867067819148937 0.4776596666666667 2 0.7835751329787235 0.4866993333333333 2 0.7784507978723404 0.47042833333333334 2 0.7487476728723405 0.445118 2 0.7584271941489362 0.44797266666666663 2 0.7546313164893618 0.4541573333333333 2
0 0.796496176861702 0.5928186666666666 0.05309873670212766 0.03563733333333333 0.8216050531914894 0.5903160000000001 2 0.8174225398936169 0.5967513333333333 2 0.8216771941489361 0.6039096666666667 2 0.8082639627659574 0.5947266666666667 2 0.7715575132978723 0.5872793333333334 2 0.7898746675531916 0.585399 2 0.7894418218085106 0.5997159999999999 2