0 0.5471015625 0.14476316666666666 0.0516499335106383 0.04485966666666667 0.5689434840425532 0.14498566666666665 2 0.5644983377659575 0.150983 2 0.5613128324468085 0.15924933333333333 2 0.554578125 0.14589233333333335 2 0.5238454122340426 0.12986833333333334 2 0.5388031914893617 0.129959 2 0.5338364361702127 0.14191299999999998 2
0 0.47532662898936173 0.210764 0.053711768617021274 0.04019466666666667 0.45984375 0.225044 2 0.45827027925531916 0.21691633333333335 2 0.45474966755319146 0.21282366666666666 2 0.46836569148936175 0.21241566666666664 2 0.49921542553191495 0.1971756666666667 2 0.48918882978723405 0.209812 2 0.48304687500000004 0.19423966666666667 2
0 0.38623936170212764 0.15576866666666667 0.04840957446808511 0.03687066666666666 0.3634245345744681 0.16092166666666666 2 0.37071077127659574 0.15154566666666666 2 0.3730501994680851 0.138965 2 0.37878623670212763 0.152545 2 0.4095003324468085 0.16016533333333333 2 0.3989478058510639 0.15980366666666668 2 0.40024900265957447 0.15512166666666666 2
0 0.4314375 0.31330633333333335 0.054364361702127655 0.03727933333333333 0.45761336436170214 0.3158456666666667 2 0.4510458776595745 0.3194133333333333 2 0.44469946808510635 0.3252583333333333 2 0.443375 0.31658866666666663 2 0.40590458776595745 0.30277933333333334 2 0.4204338430851064 0.30234733333333336 2 0.41830950797872346 0.311021 2
0 0.24353856382978722 0.7353268333333334 0.04093351063829787 0.05465366666666667 0.26246276595744683 0.753321 2 0.2510681515957447 0.7538623333333333 2 0.2423148271276596 0.7561873333333333 2 0.24622273936170214 0.745588 2 0.22498936170212766 0.7101463333333333 2 0.2380123005319149 0.7225356666666667 2 0.22858344414893617 0.7287073333333333 2
0 0.27765591755319147 0.7554846666666667 0.0406841755319149 0.052302666666666664 0.29302559840425535 0.7737193333333333 2 0.28503324468085106 0.7732336666666667 2 0.2855844414893617 0.780423 2 0.27872373670212763 0.7642283333333333 2 0.25926695478723405 0.73221 2 0.26199601063829786 0.7480330000000001 2 0.26866688829787233 0.7419676666666666 2
0 0.3119182180851064 0.7882043333333333 0.04537898936170213 0.051075333333333334 0.31231083776595747 0.8039903333333334 2 0.30558178191489366 0.8035206666666667 2 0.29753823138297875 0.7963523333333332 2 0.3092300531914894 0.7920910000000001 2 0.3201186835106383 0.7677246666666666 2 0.32409142287234044 0.778954 2 0.30742287234042553 0.773987 2
0 0.3575329122340426 0.8004173333333333 0.03687433510638298 0.05350133333333333 0.3577174202127659 0.8249196666666667 2 0.35362699468085107 0.8190813333333333 2 0.34584375 0.8200710000000001 2 0.3565641622340426 0.8113616666666666 2 0.36002526595744677 0.7756826666666666 2 0.36545445478723404 0.7922523333333333 2 0.35035139627659573 0.792276 2
0 0.5199418218085106 0.8183081666666667 0.03722406914893617 0.055283 0.5181968085106383 0.8415113333333334 2 0.5142386968085106 0.8368033333333332 2 0.5064571143617022 0.839125 2 0.5156791888297872 0.8259386666666666 2 0.5264305186170213 0.7914966666666666 2 0.5277579787234042 0.8076496666666667 2 0.5155199468085107 0.8070316666666666 2
0 0.5230139627659575 0.7700145 0.054006648936170215 0.041362333333333334 0.5466386303191489 0.7553943333333333 2 0.5432519946808511 0.7660279999999999 2 0.5453527260638298 0.7674553333333334 2 0.5352749335106383 0.7678663333333334 2 0.49794348404255323 0.7868906666666666 2 0.5156136968085107 0.7770673333333334 2 0.5205777925531915 0.7844686666666667 2
0 0.7371630651595745 0.7434978333333333 0.05145378989361702 0.04299566666666667 0.7163480718085107 0.7639073333333334 2 0.7215342420212766 0.7537023333333334 2 0.7151934840425532 0.753203 2 0.7296522606382978 0.748434 2 0.7603208111702128 0.7239533333333333 2 0.7522430186170213 0.7347906666666666 2 0.7474950132978724 0.7288053333333334 2
0 0.8205811170212766 0.604318 0.0414281914893617 0.048636 0.828436835106383 0.5808409999999999 2 0.8303646941489362 0.5893613333333334 2 0.8382802526595745 0.591452 2 0.8241978058510638 0.5963013333333333 2 0.8056456117021277 0.6266623333333333 2 0.8088700132978723 0.6100293333333333 2 0.8198520611702127 0.6173543333333333 2