0 0.8173759973404255 0.603477 0.04233178191489362 0.04228733333333333 0.8111791888297872 0.6195523333333333 1 0.8099767287234042 0.617173 2 0.7974581117021277 0.6135596666666667 2 0.8165994015957447 0.6103546666666667 1 0.8369298537234043 0.5830106666666667 2 0.8289255319148936 0.6034703333333333 1 0.823155585106383 0.5886623333333334 2
0 0.8208419215425533 0.6025998333333333 0.023997672872340427 0.05519966666666666 0.8293480718085107 0.6220133333333333 1 0.8208856382978724 0.6255326666666666 2 0.818578789893617 0.627788 1 0.8209464760638299 0.6184546666666667 2 0.8292865691489362 0.57651 2 0.8291628989361701 0.603497 1 0.8123361037234043 0.5906913333333333 2
0 0.8031780252659574 0.5935446666666667 0.029228390957446806 0.045756 0.7922835771276595 0.5732193333333333 2 0.8022759308510639 0.5723433333333333 2 0.8148487367021277 0.5737523333333333 2 0.8047513297872341 0.5822226666666667 2 0.8072862367021276 0.6147333333333334 2 0.8023530585106383 0.6061586666666667 2 0.808939494680851 0.600813 2
0 0.7902305518617021 0.5515191666666667 0.04721642287234042 0.039038333333333335 0.7677084441489361 0.538389 2 0.7796931515957447 0.5389563333333333 2 0.7866429521276597 0.5324826666666667 2 0.7871210106382979 0.546413 2 0.8128434175531914 0.56924 2 0.7972922207446809 0.5622603333333334 2 0.8105023271276596 0.561191 2
0 0.8389441489361702 0.5539603333333334 0.028287234042553188 0.057254 0.8481655585106384 0.572382 2 0.8416479388297873 0.5718436666666666 2 0.8358786569148936 0.5816736666666666 2 0.8414092420212765 0.5614126666666667 2 0.8372001329787233 0.5263823333333333 2 0.844394614361702 0.5412173333333333 2 0.833604720744681 0.5428933333333333 2
0 0.8446635638297872 0.49113616666666665 0.029087765957446807 0.056272333333333334 0.8538364361702128 0.5183553333333334 2 0.8472180851063829 0.5104946666666667 2 0.8384301861702128 0.5091246666666667 2 0.8461984707446808 0.5025846666666667 2 0.8406063829787234 0.463872 2 0.8483071808510638 0.4744636666666667 2 0.842095079787234 0.4831183333333333 2
0 0.8458560505319149 0.4451935 0.030142952127659575 0.051053666666666664 0.8594670877659575 0.468862 2 0.8497057845744681 0.46603500000000003 2 0.8366130319148937 0.46904966666666664 2 0.8475036569148937 0.454866 2 0.8444930186170213 0.4203806666666667 2 0.8556379654255319 0.434439 2 0.8428271276595746 0.4371903333333333 2
0 0.8017270611702128 0.6570761666666667 0.04095412234042553 0.050818999999999996 0.7958397606382979 0.6807803333333333 2 0.793485704787234 0.6708580000000001 2 0.7828377659574468 0.6666413333333333 2 0.8003497340425533 0.6636053333333334 2 0.8211279920212766 0.6328053333333333 2 0.8172403590425532 0.6444266666666667 2 0.8101083776595744 0.6390226666666666 2
0 0.7844253656914894 0.6442598333333334 0.03228158244680851 0.052519666666666666 0.7903533909574467 0.6684716666666667 2 0.7841246675531914 0.6646259999999999 2 0.7758021941489361 0.668962 2 0.7865189494680852 0.656427 2 0.793733045212766 0.619165 2 0.795233710106383 0.6297986666666666 2 0.7866343085106383 0.6288086666666667 2
0 0.6845738031914893 0.7740093333333332 0.04667420212765957 0.04268533333333334 0.6828886303191489 0.793172 2 0.6741928191489361 0.7894783333333333 2 0.6631349734042553 0.7927363333333333 2 0.6773244680851064 0.7802689999999999 2 0.6929035904255318 0.7539093333333333 2 0.6963088430851063 0.7641003333333333 2 0.6846496010638298 0.759792 2
0 0.4844557845744681 0.13920783333333334 0.05800731382978723 0.04841566666666667 0.4591432845744681 0.13196866666666668 2 0.46757147606382976 0.12148433333333332 2 0.47998071808510634 0.12054333333333334 2 0.4741143617021277 0.129448 2 0.5012908909574468 0.15726033333333334 2 0.48171875 0.14855366666666667 2 0.49696110372340424 0.137636 2
0 0.20962001329787236 0.49418533333333337 0.0608623670212766 0.04237066666666667 0.18119913563829787 0.4960963333333333 2 0.1886685505319149 0.4898983333333333 2 0.18480585106382977 0.47880599999999995 2 0.19799268617021276 0.4917326666666667 2 0.23895811170212763 0.49189166666666667 2 0.2183723404255319 0.499317 2 0.21808244680851063 0.48604400000000003 2