0 0.326765234375 0.3167251 0.0450051513671875 0.060260799999999996 0.309649365234375 0.3387890666666667 2 0.31675205078125 0.3387165 2 0.3154275634765625 0.3362126333333333 2 0.32111787109375 0.33048543333333336 2 0.3299798828125 0.29798256666666667 2 0.3338027099609375 0.3119801333333333 2 0.33218720703125 0.31193913333333334 2
0 0.33089296875 0.3442980333333333 0.0477577392578125 0.048485966666666665 0.31738427734375 0.3647577666666667 2 0.31852841796875 0.35163583333333337 2 0.3093180908203125 0.3464027 2 0.3275671142578125 0.34523109999999996 2 0.3513080078125 0.33007843333333337 2 0.339923828125 0.34351276666666664 2 0.3296265625 0.3385920333333333 1
0 0.308711962890625 0.43169650000000004 0.0390641845703125 0.0687278 0.3117556640625 0.4621403333333334 2 0.3017961181640625 0.4568576 2 0.2926247314453125 0.46350993333333335 2 0.302727587890625 0.4430638333333333 2 0.31103916015625 0.41126966666666664 2 0.3134753173828125 0.4352375666666667 2 0.2999331787109375 0.4222264333333333 2
0 0.426608837890625 0.4610571333333333 0.03191123046875 0.0564495 0.4319662109375 0.4802181666666667 2 0.42788994140625 0.478151 2 0.4218338134765625 0.48435246666666665 2 0.4248618896484375 0.465907 2 0.414845947265625 0.43569460000000004 2 0.4229984619140625 0.44332723333333335 2 0.4158941162109375 0.4477795666666667 2
0 0.7758853759765625 0.2641995 0.034939306640625 0.056131466666666664 0.7610944091796875 0.23835993333333333 2 0.769479833984375 0.24472043333333332 2 0.7760018310546875 0.23899600000000001 2 0.771459716796875 0.25807749999999996 2 0.7778652587890625 0.289562 2 0.767499951171875 0.27318370000000003 2 0.7832226318359375 0.27493283333333335 2
0 0.669611669921875 0.18381859999999997 0.0364533447265625 0.06487716666666667 0.6818986572265625 0.20671643333333334 2 0.6739790771484375 0.2049673 2 0.6690875732421875 0.20862456666666665 2 0.672348583984375 0.19161023333333332 2 0.66757353515625 0.15758153333333333 2 0.6739790771484375 0.1712566 2 0.665127783203125 0.17427783333333333 2
0 0.3152445068359375 0.6332103666666666 0.0394572021484375 0.06007743333333334 0.330841455078125 0.6518259 2 0.321545263671875 0.6468899666666666 2 0.3209255126953125 0.6604285333333333 2 0.3165872802734375 0.6367360333333334 2 0.305638427734375 0.6119153333333334 2 0.3153477783203125 0.6168512666666667 2 0.3061548828125 0.6267231333333333 2
0 0.5434662109375 0.8802893333333334 0.0443118896484375 0.03441053333333333 0.563246484375 0.8849432333333332 2 0.55797861328125 0.8871996333333333 2 0.558185205078125 0.8953792 2 0.5473396484375 0.8831098666666667 2 0.5233760986328125 0.8721097666666666 2 0.53174267578125 0.8705584999999999 2 0.526578125 0.8777508666666666 2
0 0.6467573486328125 0.8469365 0.0408 0.04273113333333333 0.6633355712890625 0.8384043666666666 2 0.661476318359375 0.8450326333333334 2 0.664988232421875 0.8537763 2 0.650940625 0.8467249666666666 2 0.6282165771484375 0.8495455000000001 2 0.63544697265625 0.8450326333333334 2 0.6366864501953124 0.8532122 2
0 0.7093517578125 0.7975066000000001 0.0463777099609375 0.04400036666666667 0.69070771484375 0.8113272333333332 2 0.6956656982421875 0.7996219999999999 2 0.6916373291015625 0.7941219666666666 2 0.7059947998046875 0.7990579 2 0.7301649169921876 0.8008912333333332 2 0.71900947265625 0.810058 2 0.72045556640625 0.7946860666666666 2
0 0.7463816162109375 0.7866475333333333 0.034705810546875 0.046820900000000006 0.74317958984375 0.8054041000000001 2 0.7401841552734375 0.8004681666666666 2 0.729958349609375 0.8032887000000001 2 0.7443157958984375 0.7901732 2 0.7574337646484375 0.7649294 2 0.7581568115234375 0.7770577 2 0.7457618896484375 0.7695833 2
0 0.7101781005859376 0.7462433666666667 0.039560498046875 0.0410388 0.702586181640625 0.7638012000000001 2 0.6997973388671875 0.7551985666666666 2 0.6939097412109375 0.7506857 2 0.7078540283203125 0.7482882333333334 2 0.7276859375 0.7306598999999999 2 0.722108203125 0.7454677 2 0.7177699951171875 0.7333394 2
0 0.7937283203125 0.6093617333333333 0.0310325927734375 0.05819033333333333 0.78313994140625 0.5857219 2 0.790864794921875 0.5902680333333333 2 0.796458642578125 0.5837216333333334 2 0.7939281005859375 0.6028152999999999 2 0.8004542724609375 0.6340926 2 0.7923298583984375 0.6231819333333334 2 0.802318896484375 0.6186358000000001 2
0 0.807047021484375 0.5277134333333333 0.040888427734375 0.04218796666666667 0.7886006103515625 0.5328050999999999 2 0.7935285400390625 0.5244402333333333 2 0.7920634765625 0.5173483 2 0.8020525146484375 0.5282589666666667 2 0.8242947509765625 0.5391696666666667 2 0.8177685791015625 0.5386241333333334 2 0.8195000244140624 0.5306229666666666 2
0 0.739920751953125 0.5216216333333333 0.044884033203125 0.04927993333333333 0.7213411376953125 0.5164390666666666 2 0.72973193359375 0.5126203333333333 2 0.7303978759765625 0.5011641 2 0.738255908203125 0.5208033333333334 2 0.7598322021484375 0.5402607333333334 2 0.7485113037109375 0.5366238333333333 2 0.7554370361328125 0.5313503333333333 2