0 0.8463670212765957 0.486035 0.027840425531914893 0.059403333333333336 0.8546213430851064 0.5102256666666667 2 0.8486685505319149 0.5071743333333333 2 0.8399910239361703 0.5096533333333333 2 0.849266289893617 0.496247 2 0.8530415558510639 0.4574006666666667 2 0.8554943484042554 0.46607366666666666 2 0.8479933510638298 0.466843 2
0 0.8257313829787235 0.5289578333333333 0.03311170212765957 0.05191566666666667 0.8403733377659574 0.5489013333333334 2 0.8291050531914893 0.5442633333333333 2 0.8197992021276597 0.5531776666666667 2 0.8274677526595745 0.5363166666666667 2 0.8215847739361702 0.504747 2 0.8312978723404255 0.5165143333333333 2 0.8239896941489362 0.50897 2
0 0.7973405917553192 0.5306563333333334 0.0321811835106383 0.052646 0.7838380984042552 0.519691 2 0.7911978058510638 0.5161823333333333 2 0.7944152260638299 0.5052976666666666 2 0.7963291223404256 0.5246533333333333 2 0.8117094414893616 0.555301 2 0.8025851063829788 0.5475003333333334 2 0.8110684840425532 0.5388033333333334 2
0 0.7725028257978724 0.5184885 0.04234607712765957 0.05031033333333334 0.7886692154255319 0.494427 2 0.7869740691489361 0.5034736666666667 2 0.7917782579787234 0.5098383333333334 2 0.779904255319149 0.5090523333333333 2 0.7535365691489362 0.5408883333333333 2 0.7655362367021277 0.520256 2 0.7718939494680851 0.527842 2
0 0.750693982712766 0.4898023333333333 0.047265625000000006 0.038938 0.7423244680851063 0.5081736666666666 2 0.7373982712765957 0.49922133333333335 2 0.7334095744680851 0.4915 2 0.7434873670212766 0.492488 2 0.773484375 0.47234933333333334 2 0.7649607712765957 0.48650933333333335 2 0.7579125664893617 0.4769333333333333 2
0 0.7903174867021276 0.6611168333333334 0.05270944148936171 0.035566999999999994 0.7687476728723405 0.6770826666666667 2 0.7713617021276595 0.6671363333333333 2 0.7652965425531916 0.6643243333333333 2 0.7813833111702128 0.6642766666666666 2 0.8153982712765957 0.64774 2 0.8069677526595744 0.660708 2 0.8033759973404255 0.6507716666666666 2
0 0.6103646941489362 0.8184423333333334 0.05916023936170213 0.030218 0.5829059175531915 0.8317093333333334 2 0.5922430186170213 0.8255440000000001 2 0.581923204787234 0.823808 2 0.6013407579787234 0.8215300000000001 2 0.6387696143617022 0.8081149999999999 2 0.6284737367021277 0.8165193333333334 2 0.6256655585106383 0.8091323333333333 2
0 0.17720212765957447 0.6399678333333333 0.03592021276595745 0.057268999999999994 0.1820625 0.6671796666666666 2 0.17302759308510637 0.6590316666666667 2 0.16310106382978723 0.6546186666666667 2 0.17273005319148937 0.6497533333333333 2 0.18016755319148936 0.612129 2 0.18072739361702128 0.6307043333333333 2 0.16985738031914893 0.6288846666666666 2
0 0.5562099401595745 0.13960999999999998 0.053909242021276595 0.03922 0.5726033909574468 0.12580566666666665 1 0.5780538563829788 0.13185 2 0.581029920212766 0.138081 2 0.5674896941489361 0.136036 2 0.5304747340425532 0.145317 2 0.5450914228723405 0.13429433333333332 2 0.5506326462765958 0.14584366666666668 2
0 0.15010239361702127 0.5726818333333333 0.03491223404255319 0.05403033333333333 0.152453125 0.598378 2 0.14662632978723406 0.5911653333333333 2 0.142328125 0.5902593333333334 2 0.15127692819148936 0.5808173333333333 2 0.15938331117021276 0.5466006666666666 2 0.16124800531914893 0.5640456666666667 2 0.1474375 0.5570406666666667 2
0 0.1475378989361702 0.41978849999999995 0.04241622340425532 0.050243666666666666 0.13159208776595746 0.43764400000000003 2 0.1336841755319149 0.43151366666666663 2 0.12744182180851066 0.42436999999999997 2 0.1418154920212766 0.42686966666666665 2 0.1671505984042553 0.4015666666666667 2 0.15852925531914894 0.42263133333333336 2 0.15114594414893617 0.4067526666666667 2
0 0.17540940824468085 0.33626700000000004 0.04430285904255319 0.046534 0.16253424202127661 0.3587113333333333 2 0.16011436170212767 0.34887233333333334 2 0.15735970744680852 0.347955 2 0.16670711436170213 0.34388466666666667 2 0.19639162234042554 0.31440633333333334 2 0.1803873005319149 0.331664 2 0.17439428191489362 0.322479 2