0 0.5168269614361701 0.8453158333333334 0.05493051861702127 0.04863166666666667 0.527390625 0.8629203333333333 2 0.5195016622340426 0.8652639999999999 2 0.5114664228723405 0.8651176666666667 2 0.5170179521276596 0.8517876666666666 2 0.5139501329787234 0.8220523333333334 2 0.5284132313829788 0.8298156666666667 2 0.502701130319149 0.8334776666666667 2
0 0.4644331781914894 0.8465806666666668 0.04455784574468085 0.041161333333333334 0.45295179521276596 0.8659086666666667 2 0.44984341755319146 0.8572263333333333 2 0.4456246675531915 0.8454269999999999 2 0.45472805851063824 0.8522169999999999 2 0.4809281914893617 0.8279506666666666 2 0.47804155585106384 0.8419763333333333 2 0.46549667553191487 0.836856 2
0 0.40762150930851065 0.8397625 0.045961103723404256 0.044191666666666664 0.42784973404255316 0.853467 2 0.42095378989361704 0.8536386666666668 2 0.418046875 0.8583246666666667 2 0.4138863031914894 0.8459810000000001 2 0.3856176861702128 0.8242656666666667 2 0.40163297872340425 0.8283803333333334 2 0.39063297872340424 0.839695 2
0 0.411030585106383 0.8003619999999999 0.04945478723404255 0.042724 0.43200698138297877 0.795254 2 0.4337942154255319 0.8048253333333334 2 0.42847639627659573 0.8166256666666667 2 0.4250764627659575 0.8042133333333333 2 0.3872111037234042 0.7929533333333334 2 0.41092087765957447 0.7918213333333333 2 0.40368484042553193 0.8060233333333334 2
0 0.4615034906914894 0.8109831666666667 0.05465591755319149 0.03529966666666667 0.43812067819148937 0.8242906666666666 2 0.44248271276595746 0.813639 2 0.4352466755319149 0.8053543333333334 2 0.45238763297872336 0.8123009999999999 2 0.488311835106383 0.8092653333333333 2 0.47229986702127663 0.8212033333333334 2 0.4725049867021277 0.807207 2
0 0.5736801861702128 0.7345608333333333 0.03632313829787234 0.040455 0.5607197473404255 0.7221293333333333 2 0.5662234042553191 0.721823 2 0.5701984707446808 0.7151393333333333 2 0.5709936835106383 0.7294259999999999 2 0.5905628324468085 0.7538303333333334 2 0.5810837765957447 0.7488636666666666 2 0.5859148936170213 0.7416896666666667 2
0 0.8488464095744681 0.5151175 0.03745345744680851 0.058235 0.8655598404255318 0.5329293333333334 2 0.8575063164893617 0.5346503333333333 2 0.8520900930851064 0.5433066666666667 2 0.8532712765957446 0.524769 2 0.83259375 0.49487733333333334 2 0.8465511968085107 0.501475 2 0.8347869015957448 0.5106046666666667 2
0 0.4677849069148936 0.26995966666666665 0.03796343085106383 0.050586000000000006 0.4709870345744681 0.24594866666666668 2 0.4753208111702128 0.25611033333333333 2 0.48378856382978724 0.25283466666666665 2 0.47112034574468087 0.26346400000000003 2 0.4525182845744681 0.293815 2 0.45365192819148936 0.27543066666666666 2 0.4620528590425532 0.283386 2
0 0.44244148936170213 0.15832366666666667 0.06107978723404255 0.03798066666666666 0.4147107712765958 0.15846066666666667 2 0.42097772606382977 0.15048433333333333 2 0.42477393617021275 0.146847 2 0.43025764627659574 0.15742066666666665 2 0.45936336436170216 0.17619933333333332 2 0.4396220079787234 0.1723083333333333 2 0.45641057180851063 0.158182 2
0 0.6173113364361702 0.17527583333333333 0.06175033244680851 0.035885 0.6460718085106383 0.16783366666666666 2 0.637654255319149 0.17347733333333334 2 0.6453620345744681 0.18074800000000002 2 0.6270565159574468 0.17429100000000003 2 0.5871612367021277 0.17996033333333333 2 0.601263630319149 0.171605 2 0.6054301861702128 0.18370933333333334 2
0 0.6981740359042553 0.21442416666666667 0.05193317819148936 0.03618166666666667 0.6781180186170213 0.20972766666666667 2 0.6815103058510639 0.20632633333333333 2 0.6831835106382979 0.19742633333333334 2 0.6919202127659574 0.21051999999999998 2 0.720546875 0.23004366666666665 2 0.7073952792553191 0.22547733333333334 2 0.7126931515957446 0.21406133333333333 2
0 0.1754762300531915 0.3599773333333333 0.03446309840425532 0.051288 0.1731253324468085 0.33813699999999997 1 0.17413763297872342 0.3414526666666666 2 0.1819654255319149 0.335633 2 0.18007579787234043 0.3518066666666667 2 0.18358045212765958 0.383788 2 0.17007380319148935 0.375813 2 0.19099235372340426 0.36613599999999996 2