0 0.8417144281914893 0.46261116666666663 0.04114162234042553 0.06322233333333334 0.8613191489361702 0.477379 1 0.8564621010638297 0.47716600000000003 2 0.8571818484042553 0.48078899999999997 2 0.8502104388297872 0.47275500000000004 2 0.822719414893617 0.451002 2 0.8372629654255319 0.4509956666666667 2 0.8320744680851064 0.4723426666666667 2
0 0.8443337765957446 0.5063368333333333 0.03042287234042553 0.056006999999999994 0.8517885638297872 0.527811 2 0.8488377659574469 0.5233173333333333 2 0.8472616356382979 0.5333653333333334 2 0.8437962101063831 0.5136333333333334 2 0.8343204787234042 0.4793616666666667 2 0.8460448803191488 0.491153 2 0.8339597739361702 0.49967500000000004 2
0 0.8141519281914894 0.501749 0.05250598404255319 0.046164666666666666 0.8384468085106382 0.5112443333333333 2 0.8267024601063829 0.51295 2 0.8271482712765957 0.523511 2 0.8187686170212767 0.5069006666666667 2 0.7896170212765958 0.47990099999999997 2 0.8065192819148936 0.48804166666666665 2 0.7993809840425532 0.4966486666666666 2
0 0.8261256648936169 0.5891026666666667 0.03855452127659574 0.052872 0.8217456781914894 0.6137586666666667 2 0.8170761303191489 0.6054416666666667 2 0.8094045877659574 0.601819 2 0.8231891622340425 0.5971046666666667 2 0.8434810505319148 0.5634896666666667 2 0.8435721409574468 0.5750803333333333 2 0.8363600398936171 0.5690769999999999 2
0 0.7920412234042553 0.5880358333333333 0.04019946808510638 0.04673833333333333 0.7964640957446809 0.568442 2 0.7994697473404255 0.5775316666666667 2 0.8112011303191489 0.5819926666666667 2 0.7947480053191489 0.584735 2 0.773639295212766 0.609572 2 0.7790974069148936 0.5964326666666667 2 0.7830388962765957 0.60187 2
0 0.748313164893617 0.7218381666666668 0.04316888297872341 0.04300966666666667 0.7582440159574467 0.7015476666666667 2 0.7596386303191489 0.7074426666666667 2 0.7672130984042553 0.7104156666666667 2 0.7544045877659574 0.7153999999999999 2 0.7281246675531915 0.7425236666666667 2 0.7325438829787234 0.7319326666666666 2 0.7380628324468085 0.7353983333333334 2
0 0.8095385638297873 0.31364016666666666 0.03663031914893617 0.05061366666666667 0.8265638297872341 0.3300476666666667 2 0.8165851063829788 0.3295016666666667 2 0.8144906914893616 0.3376843333333333 2 0.8141682180851064 0.3211626666666667 2 0.7991286569148937 0.2898306666666667 2 0.8089581117021276 0.297332 2 0.7974936835106382 0.29996100000000003 2
0 0.7829780585106383 0.2857595 0.04667420212765957 0.038185666666666666 0.8056605718085107 0.28864233333333333 2 0.7993051861702127 0.29427233333333336 2 0.7998204787234043 0.2990693333333333 1 0.7894351728723404 0.289945 2 0.7610851063829788 0.26844566666666664 2 0.774581449468085 0.272194 2 0.7701698803191489 0.28321366666666664 2
0 0.730861369680851 0.35111566666666666 0.04018018617021277 0.05823133333333333 0.7351838430851064 0.32301166666666664 2 0.7390688164893617 0.33161066666666666 2 0.7500691489361703 0.330203 2 0.7350382313829786 0.33998333333333336 2 0.7249817154255319 0.3762106666666667 2 0.721874335106383 0.35861400000000004 2 0.7367915558510637 0.36205466666666664 2
0 0.5834002659574468 0.28770683333333336 0.04113563829787234 0.048080333333333336 0.5642599734042554 0.264865 2 0.5740139627659574 0.2688603333333333 2 0.5816319813829787 0.26685033333333336 2 0.5780492021276595 0.276281 2 0.6016938164893617 0.30921333333333334 2 0.5907596409574468 0.30167499999999997 2 0.5966738696808511 0.29754633333333336 2
0 0.623571642287234 0.4010743333333333 0.04568051861702128 0.048815333333333336 0.6307091090425532 0.37770133333333333 2 0.6338666888297873 0.38642099999999996 2 0.6439245345744681 0.3845986666666667 2 0.6281363031914894 0.39358066666666663 2 0.6080299202127659 0.423519 2 0.6119341755319149 0.40674066666666664 2 0.6237460106382979 0.4119333333333333 2
0 0.21972157579787235 0.27410616666666665 0.041171875 0.054212333333333335 0.21739561170212768 0.24865366666666666 2 0.22518151595744682 0.25755433333333333 2 0.23351296542553193 0.2563063333333333 2 0.21982014627659577 0.266554 2 0.20759906914893617 0.298538 2 0.20399468085106381 0.27806366666666665 2 0.22099202127659576 0.2858273333333333 2