0 0.4193113525390625 0.4244808666666667 0.038143798828125 0.04450723333333333 0.429997021484375 0.43288370000000004 2 0.4275623046875 0.4349151333333333 2 0.4240455078125 0.44396433333333335 2 0.4202581787109375 0.42586593333333334 2 0.4026741455078125 0.40481273333333334 2 0.411466162109375 0.4133079 2 0.4084904052734375 0.4227264333333333 2
0 0.30212041015625 0.41934906666666666 0.0271080078125 0.057573400000000004 0.2923314208984375 0.4044987666666667 2 0.2982717529296875 0.40358489999999997 2 0.303291748046875 0.3938751 2 0.3017020751953125 0.4156936 2 0.3072240966796875 0.4436806666666666 2 0.3004470947265625 0.43122926666666667 2 0.30680576171875 0.4270026666666667 2
0 0.3076099853515625 0.6018061 0.027406640625 0.04752006666666667 0.311393115234375 0.6170722 2 0.307525927734375 0.6150061 2 0.3033224609375 0.6216635 2 0.3050038330078125 0.6030687 2 0.30130478515625 0.5817191 2 0.3046675537109375 0.5886060666666666 2 0.299287109375 0.5925087 2
0 0.5322434814453125 0.8778586666666667 0.0405214599609375 0.038107866666666664 0.551495361328125 0.8746447666666667 2 0.546955615234375 0.8813021666666667 2 0.5488051513671875 0.8907143333333334 2 0.5363628662109375 0.8794656333333334 2 0.513832275390625 0.8734969333333333 2 0.5220710693359375 0.8728082333333333 2 0.52005341796875 0.8819908666666667 2
0 0.647318310546875 0.8465518000000001 0.043064697265625 0.043537200000000005 0.664642822265625 0.8369915666666667 2 0.662867626953125 0.8449808666666666 2 0.6674042236328125 0.8539576 2 0.6533999755859375 0.8468659666666667 2 0.6286131103515625 0.8489306333333334 2 0.642551611328125 0.8458785333333334 2 0.64393232421875 0.8562018 2
0 0.767998095703125 0.7303747666666667 0.028928955078125 0.05463246666666667 0.7741126220703125 0.7559315666666666 2 0.76760361328125 0.7514432 2 0.7635929931640625 0.7524306333333334 2 0.769510302734375 0.7369906333333334 2 0.7738496337890625 0.7048539 2 0.77661103515625 0.7213711 2 0.7692472900390624 0.7193962333333334 2
0 0.8076439208984375 0.6809308666666667 0.0320848388671875 0.058797666666666665 0.8098135986328125 0.6838483 2 0.808893115234375 0.6908501666666667 2 0.800871923828125 0.6970441333333334 2 0.80665771484375 0.6873492333333333 2 0.8029100830078125 0.6800780666666667 2 0.8065919677734374 0.6684981 2 0.7958093505859375 0.6891445999999999 2
0 0.8158061279296875 0.5921923333333333 0.0297997314453125 0.061099766666666666 0.8098154541015625 0.5710101333333334 2 0.8157549072265625 0.5746453666666667 2 0.8247665283203125 0.5638795 2 0.816266943359375 0.5883473666666666 2 0.8178030029296876 0.6205051333333333 2 0.8139116455078125 0.6072226 2 0.819953515625 0.6111374666666667 2
0 0.8232304443359375 0.5364755 0.03666083984375 0.060400666666666665 0.8111467041015625 0.52543 2 0.8183150390625 0.5236124 2 0.818724658203125 0.5082325999999999 2 0.8240496826171875 0.5329801 2 0.837055078125 0.5588461333333333 2 0.8278386474609375 0.5496182333333334 2 0.8334708984375 0.5426274333333333 2
0 0.836491845703125 0.5170410333333333 0.0273420166015625 0.05424876666666666 0.847500341796875 0.5350773333333333 2 0.8406392333984375 0.5347977 2 0.83429013671875 0.5415089 2 0.837464697265625 0.5219345999999999 2 0.8332660888671874 0.4948102 2 0.838386328125 0.5040380999999999 2 0.8297843505859375 0.5073937000000001 2
0 0.781193359375 0.5180896333333334 0.0277516357421875 0.05075336666666667 0.7807325439453126 0.4956491 2 0.7851359375 0.49802599999999997 2 0.792099462890625 0.49774636666666666 2 0.7834974609375 0.5110289 2 0.7802205322265625 0.5395514666666666 2 0.77807001953125 0.5259892666666667 2 0.785852783203125 0.5282263333333334 2
0 0.7876960693359375 0.32905786666666664 0.0358416015625 0.059981233333333335 0.7915874267578125 0.3558327333333333 2 0.7864672119140625 0.3478632 2 0.779298876953125 0.35317620000000005 2 0.7882080810546875 0.3334621 2 0.7894369384765625 0.30228303333333334 2 0.799165380859375 0.31962026666666665 2 0.7840094970703125 0.31668413333333334 2
0 0.6623998291015625 0.14287466666666668 0.0483690185546875 0.05048236666666667 0.6670507080078125 0.14255716666666665 2 0.67263173828125 0.14081090000000002 2 0.6765849853515625 0.15303463333333334 2 0.6671669677734375 0.14144589999999999 2 0.6553072509765625 0.1487484 2 0.653098095703125 0.1417634 2 0.6627486572265625 0.15652713333333332 2
0 0.458471923828125 0.15662466666666666 0.0282286376953125 0.05249616666666666 0.4477645263671875 0.13981259999999998 2 0.454383642578125 0.13888226666666667 2 0.4596400146484375 0.1319714 2 0.457887890625 0.15203953333333334 2 0.4637282958984375 0.1788857 2 0.4540916259765625 0.16665873333333334 2 0.4666485107421875 0.16240586666666668 2
0 0.3385101806640625 0.3136851333333333 0.037253662109375 0.04885386666666667 0.3254317626953125 0.3050274666666667 2 0.330640478515625 0.30069863333333335 2 0.3331316162109375 0.2925048 2 0.33698154296875 0.3102839 2 0.3543061767578125 0.33440163333333334 2 0.3434358154296875 0.32543476666666665 2 0.3452475341796875 0.3133759 1