0 0.8179847074468085 0.6169421666666667 0.026926861702127658 0.05188433333333333 0.8199394946808511 0.6392613333333333 2 0.8126303191489361 0.6353173333333333 2 0.8064630984042552 0.6410106666666666 2 0.8153550531914894 0.6264163333333334 2 0.8297081117021278 0.5922550000000001 2 0.8278201462765957 0.6139396666666667 2 0.8211981382978724 0.6089453333333333 2
0 0.7988477393617022 0.6466346666666667 0.03187101063829787 0.053936 0.7990405585106384 0.6722396666666667 2 0.7968387632978724 0.6695416666666667 2 0.7946565824468086 0.6702506666666667 1 0.7957101063829788 0.6601563333333333 2 0.7988354388297872 0.6210576666666666 2 0.7963849734042553 0.6362356666666668 2 0.7845412234042554 0.6439803333333334 2
0 0.7867084441489361 0.6342274999999999 0.05413497340425532 0.04378833333333334 0.7695365691489362 0.6502313333333333 2 0.7696505984042553 0.644294 2 0.7617759308510639 0.641541 2 0.777707114361702 0.637728 2 0.8058523936170212 0.613228 2 0.7998071808510638 0.6282723333333333 1 0.7961878324468085 0.6201926666666666 2
0 0.7550334109042554 0.6690458333333333 0.05129022606382979 0.048758333333333334 0.766 0.6467736666666667 2 0.7657736037234043 0.658744 2 0.7785159574468085 0.6603106666666667 2 0.7606658909574469 0.6664570000000001 2 0.7319122340425532 0.690613 2 0.7440708111702128 0.6765656666666666 2 0.7491027260638298 0.6826563333333333 2
0 0.7679512965425531 0.6886776666666666 0.03523769946808511 0.05535533333333333 0.7765189494680851 0.7084823333333333 2 0.7672064494680851 0.7074006666666668 2 0.7579235372340425 0.7031316666666667 2 0.768987699468085 0.696723 2 0.7803726728723404 0.6615906666666667 2 0.7812293882978724 0.6724523333333333 2 0.7720771276595745 0.6746646666666667 2
0 0.7436801861702127 0.723585 0.04587101063829787 0.05117 0.7614621010638298 0.700247 2 0.7565960771276595 0.710219 2 0.7659431515957447 0.7176750000000001 2 0.7501808510638297 0.7166143333333332 2 0.7217347074468086 0.747603 2 0.7342888962765958 0.7286723333333333 2 0.741811170212766 0.7352176666666665 2
0 0.6971409574468085 0.7237006666666667 0.0511968085106383 0.036734666666666665 0.7219215425531915 0.7150226666666667 2 0.717939494680851 0.7238153333333333 2 0.7202672872340425 0.7318376666666666 2 0.7081173537234042 0.7228093333333333 2 0.6731964760638297 0.7226926666666666 2 0.6892878989361703 0.718024 2 0.6878600398936171 0.7300126666666666 2
0 0.6123974401595744 0.7227768333333333 0.0439438164893617 0.04755366666666667 0.5913946143617022 0.7089403333333333 2 0.6016496010638298 0.7097233333333334 2 0.6094494680851064 0.7072823333333335 1 0.6064384973404255 0.7154226666666667 2 0.633669880319149 0.7450093333333333 2 0.621921875 0.7406676666666667 2 0.6278184840425532 0.7347556666666666 2
0 0.833934175531915 0.3969836666666667 0.04286835106382979 0.055300666666666665 0.8487859042553192 0.40525666666666665 2 0.8459158909574468 0.4108386666666667 2 0.8411436170212766 0.42337400000000003 2 0.8382253989361702 0.4035873333333333 2 0.8159192154255319 0.371051 2 0.8260874335106383 0.37662100000000004 2 0.8171599069148936 0.38716766666666663 2
0 0.1403533909574468 0.43661583333333337 0.032701462765957444 0.056565 0.13728656914893617 0.4640696666666667 2 0.13364860372340426 0.45358200000000004 2 0.12713863031914893 0.457636 2 0.13607546542553192 0.44519433333333336 2 0.1478091755319149 0.409081 2 0.14784507978723405 0.4213053333333333 2 0.13425598404255318 0.4241843333333334 2
0 0.14299767287234041 0.48113866666666666 0.032670877659574465 0.052944 0.14477958776595745 0.5063666666666666 2 0.1395036569148936 0.4996253333333333 2 0.12796442819148934 0.5047223333333333 2 0.14137167553191488 0.49175266666666667 2 0.14654421542553192 0.455735 2 0.14932679521276596 0.4696323333333333 2 0.13637034574468085 0.47043399999999996 2
0 0.21895894281914893 0.7051911666666667 0.050284906914893616 0.04171566666666667 0.19574567819148936 0.7025923333333334 2 0.20603623670212765 0.6972373333333334 2 0.20497406914893618 0.6854073333333334 2 0.21348437499999998 0.7020286666666666 2 0.2374464760638298 0.7222986666666668 2 0.22550365691489363 0.719397 2 0.23048271276595747 0.713387 2