0 0.419744921875 0.42362156666666667 0.03918818359375 0.0464691 0.4304404541015625 0.43194920000000003 2 0.427551416015625 0.4337642333333333 2 0.423831298828125 0.44362386666666664 2 0.4207913255450008 0.4224061884784849 2 0.402950537109375 0.4059648666666667 2 0.4191625244140625 0.41157876666666665 2 0.408237060546875 0.4216837666666667 2
0 0.45816533203125 0.15486333333333333 0.029134619140625 0.055016166666666665 0.449471923828125 0.13746023333333332 2 0.455463330078125 0.13842263333333332 2 0.459927490234375 0.13120476666666667 2 0.4587527099609375 0.15221676666666667 2 0.46321689453125 0.17948426666666667 2 0.4544060302734375 0.16825646666666666 2 0.4672111572265625 0.16280296666666666 2
0 0.302025146484375 0.41955633333333336 0.026889794921875 0.05639503333333334 0.2907979736328125 0.4076338666666666 2 0.299322314453125 0.40375436666666664 2 0.3050052001953125 0.39381900000000003 2 0.30174794921875 0.41633916666666665 2 0.3073615234375 0.4446313 2 0.3000846435546875 0.4320465 2 0.3078466552734375 0.4268422666666667 2
0 0.30674921875 0.6009149 0.026079736328125 0.047944799999999996 0.31244267578125 0.6165621666666666 2 0.3086960205078125 0.6141549 2 0.3042881591796875 0.6213767 2 0.3075205810546875 0.6076352 2 0.301790380859375 0.5821582666666667 2 0.3141323486328125 0.5909849333333334 2 0.2995130126953125 0.5917873333333333 2
0 0.3380208984375 0.31418636666666666 0.0372749755859375 0.049363199999999996 0.325188525390625 0.30466136666666666 2 0.331401025390625 0.30021169999999997 2 0.3341508056640625 0.29242483333333336 2 0.3370024658203125 0.31036246666666667 2 0.3540104248046875 0.3352526333333333 2 0.3403633056640625 0.31161393333333337 1 0.3435204833984375 0.3259362 2
0 0.6619217041015625 0.14252293333333332 0.0477228759765625 0.04808183333333333 0.6694366943359376 0.1405008 2 0.6710822998046875 0.14109996666666666 2 0.6765677001953125 0.1515851 2 0.6660357421875 0.14124976666666667 2 0.6550649658203125 0.150237 2 0.651883447265625 0.1419987 2 0.6623056884765625 0.15458086666666665 2
0 0.78486171875 0.3098839 0.036208837890625 0.060470333333333334 0.7852502197265625 0.33714859999999996 2 0.7899123046875 0.3284493666666667 2 0.79706083984375 0.3307833 2 0.7866488525390625 0.3144457 2 0.779655712890625 0.2855897 2 0.791621728515625 0.29492546666666664 2 0.776703076171875 0.3019273 2
0 0.531818408203125 0.877119 0.04088427734375 0.039955833333333336 0.5509694580078125 0.8752093333333334 2 0.5468810302734375 0.8822603666666667 2 0.548172119140625 0.8918086333333334 2 0.5355840576171875 0.8796162333333334 2 0.5139584228515625 0.8719776333333332 2 0.5229414794921875 0.8736226333333333 2 0.52299599609375 0.8821134666666667 2
0 0.64589013671875 0.8514346 0.0430424560546875 0.06429833333333333 0.66459130859375 0.8436898666666666 2 0.661993603515625 0.8541881 2 0.66479912109375 0.8618489666666667 2 0.652538037109375 0.8537625 2 0.62708076171875 0.8470947 2 0.642770751953125 0.8412781 2 0.6403808837890625 0.8690842666666667 2
0 0.7684002197265625 0.7293755666666666 0.0286098876953125 0.055653600000000004 0.7738064208984375 0.7551121 2 0.7673955078125 0.7509315333333334 2 0.7632810546875 0.7521072999999999 2 0.7694049072265625 0.7373447333333334 2 0.773902099609375 0.7046841666666666 2 0.776007177734375 0.7206225333333334 2 0.768735107421875 0.7191854666666666 2
0 0.807152734375 0.6827363000000001 0.0324372802734375 0.060618000000000005 0.8132287353515625 0.6870474666666667 2 0.80758330078125 0.6904441666666666 2 0.812558935546875 0.7052067666666667 2 0.8070092041015625 0.6877007 2 0.8023206298828125 0.6796008666666666 2 0.8067221435546875 0.6690188666666667 2 0.7952399169921875 0.6887458333333334 2
0 0.8160330322265625 0.5955017666666667 0.0312347412109375 0.05552356666666666 0.8101893310546875 0.5713793666666667 2 0.816887353515625 0.5758585666666667 2 0.8240638427734375 0.5716593 2 0.816887353515625 0.5890162333333333 2 0.81777587890625 0.6211172666666667 2 0.8143585205078125 0.6075863 2 0.82003134765625 0.6109457333333334 2
0 0.7813217041015625 0.5193373666666666 0.029088671875 0.0499696 0.781374609375 0.4975298 2 0.786451904296875 0.5005626666666667 2 0.7937505126953125 0.49998496666666664 2 0.784547900390625 0.5109609666666667 2 0.7802110595703124 0.5417225999999999 2 0.778412841796875 0.5278581999999999 2 0.7852883544921875 0.5307466000000001 2
0 0.8294998046875 0.5377221 0.0328126953125 0.05561413333333333 0.8177934326171875 0.5182333666666666 2 0.82658408203125 0.5202535666666667 2 0.831893310546875 0.5109845333333334 2 0.8297174072265625 0.5318992333333333 2 0.8344173583984374 0.5631525 2 0.8262359375 0.5479418 2 0.8333729248046875 0.5463969333333334 2
0 0.83289423828125 0.497794 0.03037568359375 0.05323746666666667 0.8439043212890625 0.5132423666666667 2 0.837724755859375 0.5113410333333334 2 0.8359840087890625 0.5189463999999999 2 0.832763671875 0.5004083333333333 2 0.8202304443359375 0.4737896 2 0.8314581298828125 0.48317746666666667 2 0.822232275390625 0.4924465 2