0 0.2745074800531915 0.30926 0.052339428191489366 0.04518666666666667 0.26100033244680854 0.33017966666666665 2 0.2620405585106383 0.3224623333333333 2 0.25004454787234043 0.324131 2 0.26855851063829783 0.316066 2 0.29354587765957446 0.288914 2 0.27521542553191486 0.297572 2 0.2855418882978723 0.30274066666666666 2
0 0.2081394614361702 0.35051 0.05989594414893617 0.03435333333333333 0.19221476063829787 0.36457666666666666 2 0.1884817154255319 0.3555933333333333 2 0.17902460106382978 0.35434566666666667 2 0.197109375 0.351684 2 0.23709541223404254 0.34586133333333335 2 0.21336934840425534 0.3555933333333333 2 0.22017187500000002 0.34552866666666665 2
0 0.14657313829787233 0.4643643333333334 0.03250797872340426 0.051395333333333335 0.1435186170212766 0.4866963333333333 2 0.13989428191489361 0.4816896666666666 2 0.13304853723404256 0.4801553333333333 2 0.14348371010638297 0.4719596666666666 2 0.15775066489361703 0.439365 2 0.15496974734042554 0.45947733333333335 2 0.1475628324468085 0.4536636666666667 2
0 0.7133131648936171 0.7468825 0.04630718085106383 0.05109833333333333 0.7169025930851064 0.7685616666666667 2 0.7066123670212765 0.7664733333333333 2 0.7001193484042553 0.7662276666666666 2 0.7110226063829787 0.7579980000000001 2 0.7350335771276596 0.7227450000000001 2 0.7273048537234044 0.7446923333333334 2 0.7177307180851065 0.740389 2
0 0.7528163231382979 0.6970941666666666 0.04818583776595745 0.05152166666666667 0.7391785239361702 0.7216096666666667 2 0.7391785239361702 0.7108576666666666 2 0.7309222074468085 0.70629 2 0.7467706117021277 0.7039113333333333 2 0.7753354388297872 0.672796 2 0.7661519281914894 0.6930646666666667 2 0.7581183510638299 0.6844579999999999 2
0 0.7294168882978723 0.6629266666666667 0.04261037234042553 0.05785333333333333 0.7299734042553192 0.6901476666666667 2 0.7237097739361702 0.6806323333333333 2 0.7173513962765958 0.675018 2 0.7264621010638297 0.6733053333333333 2 0.7419308510638298 0.635149 2 0.7424916888297872 0.655647 2 0.7320372340425532 0.6528883333333333 2
0 0.7826181848404254 0.5023001666666667 0.03664594414893617 0.057267 0.7967450132978723 0.528865 2 0.7868407579787234 0.5252236666666666 2 0.7844198803191489 0.5265476666666666 2 0.7871708776595745 0.5163963333333333 2 0.7757260638297873 0.4749083333333333 2 0.7838696808510639 0.4973073333333333 2 0.7745152925531915 0.4976383333333333 2
0 0.8116672207446808 0.47325649999999997 0.03224401595744681 0.05384633333333333 0.8164434840425532 0.4980796666666667 2 0.8106110372340426 0.49190066666666665 2 0.8034581117021277 0.494218 2 0.8142426861702128 0.482963 2 0.8208454122340426 0.4471023333333333 2 0.8242569813829786 0.46575 2 0.8121515957446809 0.46111566666666665 2
0 0.757412067819149 0.40423733333333334 0.04740392287234043 0.051808 0.7660452127659575 0.379291 2 0.7698374335106383 0.38863866666666663 2 0.7783703457446809 0.391332 2 0.765887300531915 0.39735233333333336 2 0.7401313164893617 0.4272963333333333 2 0.7475578457446809 0.40939333333333333 2 0.7576705452127659 0.4174736666666667 2
0 0.7742423537234042 0.2631415 0.04715492021276596 0.043616333333333326 0.7953829787234044 0.26583466666666666 2 0.7947935505319149 0.27269033333333337 2 0.7964441489361703 0.2791913333333333 2 0.7845375664893618 0.269617 2 0.751764960106383 0.2573243333333333 2 0.7670900930851065 0.2533053333333333 2 0.7647323803191489 0.27079933333333334 2
0 0.5438420877659574 0.14048883333333334 0.06108843085106383 0.03964433333333334 0.5679720744680851 0.12438133333333333 2 0.5670977393617022 0.13204866666666668 2 0.5728440824468085 0.13941233333333333 2 0.5556499335106383 0.13446 2 0.5190940824468085 0.14072966666666667 2 0.5290990691489361 0.131663 2 0.5334278590425532 0.14391299999999999 2
0 0.4031825132978723 0.17840633333333336 0.04905119680851064 0.035479333333333335 0.42669514627659577 0.170546 2 0.4196180186170213 0.18008866666666665 2 0.42193650265957444 0.19183366666666665 2 0.41034474734042553 0.17886533333333335 2 0.37996243351063824 0.17299266666666666 2 0.3888696808510638 0.16760966666666666 2 0.3891136968085106 0.17654066666666665 2