0 0.7034567819148936 0.7569786666666667 0.05651462765957447 0.027957333333333334 0.7237749335106383 0.7449076666666666 2 0.722093085106383 0.7558193333333334 2 0.7189946808510638 0.7649600000000001 2 0.7133540558510637 0.75874 2 0.6764401595744681 0.7680836666666667 2 0.686673869680851 0.7586883333333333 2 0.688955784574468 0.7658889999999999 2
0 0.7217716090425532 0.7352198333333334 0.05724002659574468 0.029106333333333335 0.7493174867021277 0.7230076666666667 2 0.7458839760638298 0.7351810000000001 2 0.7438716755319148 0.7455193333333333 2 0.7370246010638297 0.7348286666666666 2 0.6941402925531915 0.7360083333333334 2 0.7088171542553191 0.7336673333333333 2 0.7166502659574469 0.7412326666666667 2
0 0.7189955119680851 0.7082823333333333 0.035730385638297876 0.048564666666666666 0.7218134973404255 0.687089 2 0.7290359042553192 0.6912796666666666 2 0.7362217420212765 0.6946613333333334 2 0.7252875664893617 0.7003563333333334 2 0.7032330452127659 0.7315103333333333 2 0.7054893617021277 0.7155143333333334 2 0.7115960771276596 0.7251789999999999 2
0 0.6908078457446808 0.6931736666666667 0.05049867021276596 0.03768066666666667 0.7084827127659574 0.6943703333333333 2 0.7074906914893617 0.7041886666666666 2 0.7062543218085107 0.7070360000000001 1 0.6998603723404255 0.6999996666666666 2 0.6665754654255319 0.6780163333333333 2 0.6816978058510639 0.688241 2 0.6826303191489361 0.6997603333333333 2
0 0.7543779920212765 0.6985534999999999 0.03269215425531915 0.05244033333333333 0.7580980718085106 0.6741633333333333 2 0.7609411569148936 0.680452 2 0.7691226728723405 0.6732876666666667 2 0.7591991356382978 0.6911606666666666 2 0.7475162898936171 0.7232049999999999 2 0.7468121675531915 0.712341 2 0.7561017287234042 0.709721 2
0 0.7505013297872339 0.6683658333333333 0.04821010638297872 0.04473166666666666 0.7640997340425532 0.6470296666666666 2 0.7632869015957447 0.6595116666666667 2 0.7736751994680852 0.664362 2 0.7584966755319149 0.6670980000000001 2 0.7283304521276597 0.6897423333333332 2 0.7340694813829788 0.6797736666666666 2 0.7403344414893617 0.6860666666666666 2
0 0.7765861037234043 0.6879151666666666 0.030565824468085104 0.05516366666666667 0.7770402260638298 0.710266 2 0.769014295212766 0.7058129999999999 2 0.7622928856382978 0.7098276666666667 2 0.7748238031914894 0.6972456666666667 2 0.7904744015957447 0.6661746666666666 2 0.7885821143617021 0.6835563333333333 2 0.7787323803191489 0.676737 2
0 0.809985039893617 0.6344653333333333 0.04217752659574468 0.050264 0.801249335106383 0.6585506666666667 2 0.8012014627659575 0.6477213333333334 2 0.7898553856382979 0.6467866666666666 2 0.8081386303191489 0.6397466666666667 2 0.8303676861702128 0.610411 2 0.8273344414893616 0.6216076666666667 2 0.8219647606382978 0.616955 2
0 0.8201218417553192 0.5912978333333333 0.04183942819148936 0.04259566666666667 0.836670545212766 0.5737723333333333 2 0.8357888962765957 0.5821816666666667 2 0.8394551196808511 0.594178 2 0.8292609707446809 0.5867516666666667 2 0.8005375664893617 0.610464 2 0.8048889627659576 0.6011066666666667 2 0.8102247340425531 0.60739 2
0 0.6836042220744681 0.5703473333333333 0.0340967420212766 0.04936133333333333 0.6723055186170213 0.550448 2 0.6837440159574469 0.553689 2 0.6938527260638298 0.546505 2 0.6858427526595744 0.561827 2 0.6891795212765958 0.5931029999999999 2 0.6861808510638299 0.5914116666666667 2 0.6899597739361701 0.5904280000000001 2
0 0.4659571143617021 0.20744666666666667 0.04095678191489362 0.055560000000000005 0.4677297207446809 0.18128633333333335 2 0.47328058510638293 0.19021366666666664 2 0.481767619680851 0.186766 2 0.4688497340425532 0.19799966666666668 2 0.45537765957446813 0.23263933333333334 2 0.4553643617021277 0.213346 2 0.4680678191489362 0.21792366666666665 2
0 0.33774418218085106 0.17388483333333332 0.05181815159574468 0.051769666666666665 0.33736469414893616 0.15667499999999998 2 0.3490269281914894 0.15564633333333333 2 0.3624258643617021 0.158363 2 0.34396775265957447 0.16392166666666666 2 0.31883277925531917 0.194409 2 0.3196439494680851 0.176207 2 0.3340465425531915 0.18504833333333331 2