0 0.8180812832446809 0.5901848333333333 0.0510561835106383 0.043703000000000006 0.8115684840425531 0.610685 2 0.8048410904255319 0.6042293333333334 2 0.795767619680851 0.5985963333333333 2 0.8129205452127659 0.596498 2 0.8423277925531916 0.5701713333333333 2 0.8388630319148936 0.5783666666666666 2 0.8334398271276596 0.573023 2
0 0.8097817486702128 0.6227313333333333 0.04908477393617021 0.032796 0.7928676861702127 0.6376453333333333 2 0.7927692819148936 0.6288993333333334 2 0.7865581781914894 0.6236426666666667 2 0.8013371010638298 0.6267173333333333 2 0.8332380319148937 0.6118186666666666 2 0.8268005319148937 0.6191576666666666 2 0.8229783909574467 0.6109056666666667 2
0 0.8116846742021278 0.6481728333333333 0.032278922872340424 0.05101233333333333 0.8129351728723405 0.624286 1 0.8162041223404255 0.6287273333333333 2 0.8223623670212766 0.6230773333333334 2 0.8154507978723405 0.6389659999999999 2 0.8002659574468084 0.6721903333333333 2 0.7971934840425532 0.6610023333333334 2 0.807685505319149 0.662767 2
0 0.7928224734042553 0.6520646666666666 0.029128989361702128 0.046796000000000004 0.7834488031914894 0.6728813333333333 2 0.782341755319149 0.6680856666666667 2 0.7793138297872341 0.6685036666666666 2 0.788170545212766 0.6600656666666667 2 0.8059242021276595 0.6293219999999999 1 0.8031708776595745 0.6409076666666667 2 0.797001329787234 0.6358676666666667 2
0 0.7645919215425532 0.6613021666666666 0.03184341755319149 0.049270999999999995 0.7688896276595745 0.6821463333333334 2 0.7629205452127659 0.6840086666666666 2 0.7606220079787234 0.6824323333333333 1 0.7675927526595744 0.676245 2 0.7785994015957447 0.6377763333333333 2 0.7759571143617022 0.6501996666666666 2 0.7707992021276595 0.6472883333333334 2
0 0.7780949135638299 0.688736 0.04754621010638298 0.042138666666666665 0.7695392287234042 0.7084493333333333 2 0.766202460106383 0.7017396666666667 2 0.7597117686170214 0.694797 2 0.7736958111702128 0.6954443333333333 2 0.8009601063829788 0.669692 1 0.7953520611702127 0.6788533333333333 2 0.7893537234042554 0.6707566666666667 2
0 0.7462667885638298 0.7121951666666667 0.05037932180851064 0.02972366666666667 0.7695904255319148 0.7082253333333333 2 0.7675252659574467 0.7153546666666666 2 0.762814494680851 0.7235026666666666 2 0.7592646276595745 0.714823 2 0.7222460106382979 0.703736 2 0.7335422207446808 0.7027296666666666 2 0.7320405585106383 0.7094233333333333 2
0 0.7278660239361702 0.6745588333333333 0.050811835106382985 0.03378433333333333 0.7045349069148936 0.683147 2 0.7110472074468085 0.675106 2 0.7066748670212766 0.666661 2 0.7190854388297873 0.679375 2 0.7509331781914893 0.6890276666666667 2 0.7396765292553192 0.687716 2 0.7464973404255318 0.6780286666666667 2
0 0.7389802194148936 0.6506473333333334 0.0444498005319149 0.04396133333333333 0.7300066489361703 0.6696943333333334 2 0.7265575132978724 0.6610093333333333 2 0.7181143617021277 0.6588726666666667 2 0.7344025930851064 0.6549496666666667 2 0.7603543882978724 0.6307756666666666 2 0.7512862367021277 0.6453766666666667 2 0.7451565824468085 0.6381996666666666 2
0 0.7300674867021277 0.7357186666666666 0.04125199468085106 0.04743733333333334 0.7454398271276595 0.7167753333333333 2 0.7451665558510637 0.724166 2 0.7494717420212766 0.723859 2 0.7410415558510638 0.7308530000000001 2 0.7115927526595744 0.75848 2 0.7151532579787234 0.7457046666666667 2 0.7217280585106384 0.7522369999999999 2
0 0.4723894614361702 0.8324223333333333 0.04717253989361703 0.03551133333333333 0.4949268617021277 0.8385680000000001 2 0.485485704787234 0.8440463333333333 2 0.48153723404255316 0.8479016666666667 2 0.47713530585106384 0.8409076666666666 2 0.4505807845744681 0.8240713333333333 2 0.4607686170212766 0.8233180000000001 2 0.4564747340425532 0.8311916666666666 2
0 0.23503706781914893 0.7255375000000001 0.04653690159574468 0.057075 0.24774434840425533 0.7527876666666666 2 0.23880984042553194 0.7453186666666667 2 0.22758244680851064 0.7417503333333334 2 0.2364404920212766 0.7358173333333334 2 0.2186123670212766 0.6979543333333332 2 0.23262034574468085 0.7160556666666666 2 0.2207124335106383 0.7220139999999999 2