0 0.419415576171875 0.4241185666666667 0.0402302734375 0.04864246666666667 0.4307263916015625 0.4323796 2 0.4270826904296875 0.4353470666666666 2 0.4244617431640625 0.44442406666666673 2 0.4202427001953125 0.4265319 2 0.4020880126953125 0.40575953333333337 2 0.4103982666015625 0.4137019 2 0.4082887451171875 0.42242979999999997 2
0 0.533815087890625 0.8774019 0.042691015625 0.03720216666666667 0.551610400390625 0.8764930333333334 2 0.5474389404296875 0.8829155666666667 2 0.549214013671875 0.8913981333333333 2 0.536344580078125 0.8802496 2 0.514244677734375 0.8731000000000001 2 0.5234751708984375 0.8739482666666666 2 0.5202800048828125 0.8807343333333333 2
0 0.6483973876953125 0.8462587 0.04198095703125 0.0425341 0.6644176025390625 0.8382002333333333 2 0.662553759765625 0.8453498333333334 2 0.6670802490234375 0.8546807000000001 2 0.65234697265625 0.8474098999999999 2 0.6288269775390625 0.8497123 2 0.641607666015625 0.8470463666666667 2 0.639743798828125 0.8561348333333334 2
0 0.76852685546875 0.7299261333333333 0.0291115478515625 0.05659093333333333 0.774118408203125 0.7561615666666667 2 0.7672843017578125 0.7507084666666667 2 0.7631128173828124 0.7525261666666667 2 0.7693041926075945 0.7284460231951516 2 0.774118408203125 0.7041754666666667 2 0.776426025390625 0.7207770666666667 2 0.768615625 0.7199288 2
0 0.8086883544921875 0.6815148333333333 0.0313303955078125 0.05719683333333333 0.810862841796875 0.6822419333333333 2 0.8092652587890625 0.6878162000000001 2 0.8025198974609375 0.6947234333333334 2 0.8081114501953125 0.6857561333333333 2 0.803851220703125 0.6793336 2 0.8066913818359375 0.6670944666666667 2 0.7963958251953125 0.6884220999999999 2
0 0.8107740966796875 0.5883276333333334 0.0301765869140625 0.0598628 0.796928369140625 0.5686965 2 0.8072239013671875 0.5703930333333334 2 0.8121941650390625 0.5597292 2 0.811750390625 0.5836015999999999 2 0.820803369140625 0.6160777666666667 2 0.8125491943359375 0.6034751 2 0.823199755859375 0.5993549666666667 2
0 0.83101015625 0.5620921999999999 0.0284014892578125 0.06361936666666666 0.8374892578125 0.5918418333333333 2 0.832518994140625 0.5788756 2 0.8232885009765625 0.5819051000000001 2 0.8335840576171875 0.5661517333333334 2 0.8366904541015625 0.5342814666666666 2 0.8375780029296875 0.5496713 2 0.8317201904296875 0.5496713 2
0 0.8090433837890625 0.5290101333333334 0.03967333984375 0.0442306 0.79133681640625 0.5358568 2 0.796307080078125 0.5274954000000001 2 0.7952420166015625 0.5201034333333334 2 0.8049162841796875 0.5297978 2 0.8273712158203125 0.5398557333333334 2 0.813170458984375 0.5375533 2 0.817608203125 0.5296766333333334 2
0 0.834915380859375 0.47181330000000005 0.0342593017578125 0.0621652 0.8436385498046876 0.48521133333333333 2 0.83864306640625 0.4844766 2 0.8326077392578125 0.49501923333333336 2 0.8374892578125 0.477327 2 0.830211376953125 0.4654513666666667 2 0.8326965087890625 0.45866529999999994 2 0.8279925048828125 0.4805988333333333 2
0 0.7690603271484375 0.3379873666666667 0.036845166015625 0.0632881 0.760938525390625 0.31247376666666665 2 0.7678057373046875 0.3189648666666667 2 0.7742767578125 0.3083267 2 0.7691263427734375 0.3328486 2 0.7744088134765625 0.3662055666666667 2 0.765560693359375 0.35196123333333335 2 0.779163037109375 0.3499778333333334 2
0 0.6615622314453125 0.14280393333333335 0.0495230712890625 0.046158866666666666 0.664791552734375 0.14209316666666666 2 0.6732496826171875 0.14118116666666666 2 0.6773435791015625 0.15181933333333333 2 0.6669107177734375 0.14136146666666669 2 0.6544969482421875 0.1487541 2 0.6534404541015625 0.14082056666666667 2 0.662552685546875 0.15614673333333334 2
0 0.4055631103515625 0.1937538 0.0418338623046875 0.0448045 0.38727646484375 0.20435640000000002 2 0.3932885009765625 0.19888406666666666 2 0.3887794677734375 0.1918727 2 0.403183349609375 0.19460883333333334 2 0.422472021484375 0.18725543333333333 2 0.416334716796875 0.19802903333333333 2 0.413704443359375 0.17665283333333331 2
0 0.338295654296875 0.31232719999999997 0.03703359375 0.05198353333333334 0.3253112548828125 0.3041207 2 0.3310149658203125 0.2998854 2 0.3326159912109375 0.2882725333333333 2 0.337218994140625 0.3102687 2 0.3540299072265625 0.33363106666666664 2 0.34362314453125 0.32502386666666666 2 0.3449239990234375 0.3176462666666667 1
0 0.2974044189453125 0.5822655333333333 0.03051279296875 0.04491483333333333 0.2867249267578125 0.5876683333333333 2 0.29244609375 0.5838928666666666 2 0.2914925537109375 0.5759514 2 0.294448486328125 0.5835023 2 0.305509375 0.5833721333333334 2 0.3058907958984375 0.5913136 2 0.3062721923828125 0.5751703 2
0 0.3018191162109375 0.42000620000000005 0.028349951171875 0.05817386666666667 0.29507607421875 0.40436493333333334 2 0.3008511962890625 0.4028772 2 0.3059725341796875 0.39371280000000003 2 0.302921533203125 0.4155973 2 0.3078794189453125 0.44505436666666665 2 0.3011781005859375 0.43233426666666663 2 0.307770458984375 0.4272759666666667 2