0 0.782079454787234 0.299898 0.03623337765957447 0.053796000000000004 0.77778125 0.2748696666666667 2 0.784108045212766 0.28123366666666666 2 0.7958154920212767 0.28200933333333333 2 0.7847174202127659 0.28870633333333334 2 0.7783683510638297 0.325208 2 0.7748371010638297 0.3100446666666667 2 0.7841695478723405 0.31231933333333334 2
0 0.8003636968085107 0.360542 0.034238031914893614 0.058417333333333335 0.8007576462765957 0.386727 2 0.7956675531914893 0.378547 2 0.7904767287234042 0.3813243333333333 2 0.7972300531914894 0.3678923333333333 2 0.8051063829787235 0.33210266666666666 2 0.8067190824468085 0.34886700000000004 2 0.7942709441489362 0.348362 2
0 0.8025317486702127 0.39330966666666667 0.055861369680851064 0.03795266666666667 0.8171309840425531 0.37541166666666664 2 0.8180113031914894 0.38671599999999995 2 0.8293487367021277 0.390631 2 0.8098111702127659 0.3906863333333333 2 0.7754138962765958 0.40392066666666665 2 0.7901635638297873 0.39234066666666667 2 0.7939611037234043 0.402487 2
0 0.828934175531915 0.41003566666666663 0.05348005319148936 0.04540466666666667 0.8453922872340426 0.3943226666666667 2 0.8482762632978723 0.4025466666666667 2 0.8491635638297873 0.41069666666666665 2 0.8371845079787235 0.40780700000000003 2 0.803095079787234 0.4237366666666667 2 0.8113031914893617 0.41091900000000003 2 0.8189936835106383 0.4242553333333334 2
0 0.8477451795212766 0.44850866666666667 0.03924035904255319 0.05235066666666666 0.855105385638298 0.42365233333333335 2 0.8562157579787234 0.433841 2 0.8641053856382979 0.43524633333333335 2 0.8494910239361702 0.4422203333333333 2 0.829545545212766 0.4736646666666666 2 0.8325432180851063 0.45369699999999996 2 0.8449910239361703 0.462773 2
0 0.8417616356382978 0.490782 0.041900930851063826 0.040230666666666665 0.8516961436170213 0.474148 2 0.8531120345744682 0.48115600000000003 2 0.8619188829787234 0.47785533333333335 2 0.8462779255319148 0.48699466666666663 2 0.8220053191489362 0.5080846666666666 2 0.8287187500000001 0.494593 2 0.8379880319148937 0.5046066666666666 2
0 0.8446642287234043 0.525517 0.040392287234042555 0.04236733333333333 0.855513630319149 0.505144 2 0.858343085106383 0.5143803333333333 2 0.8640019946808511 0.510768 2 0.8535515292553192 0.5211020000000001 2 0.8259325132978724 0.5449683333333333 2 0.836611369680851 0.5296046666666667 2 0.8417224069148935 0.5361433333333333 2
0 0.8324782247340426 0.5765764999999999 0.05458410904255319 0.05648633333333333 0.8449627659574469 0.5497196666666667 2 0.8477696143617021 0.5631396666666667 2 0.8586027260638298 0.5617583333333334 2 0.8396938164893617 0.570343 2 0.8065146276595745 0.598846 2 0.8218287898936171 0.580887 2 0.8262603058510638 0.5897680000000001 2
0 0.8004980053191489 0.6779588333333334 0.050464095744680845 0.057250999999999996 0.8206775265957447 0.6534236666666666 2 0.8186303191489361 0.661343 2 0.824296210106383 0.667736 2 0.8107706117021276 0.6664083333333333 2 0.7808909574468086 0.6959793333333334 2 0.7896994680851065 0.6735566666666667 2 0.7973178191489362 0.6889663333333333 2
0 0.4639114029255319 0.6130603333333333 0.05614727393617021 0.038120666666666664 0.43697839095744684 0.6133266666666667 2 0.44580152925531913 0.608328 2 0.4465654920212766 0.5997553333333333 2 0.4545099734042553 0.6147573333333333 2 0.4878670212765957 0.6277550000000001 2 0.4697370345744681 0.6272449999999999 2 0.47696875 0.6167843333333334 2
0 0.20218700132978723 0.5340875 0.04732613031914894 0.04550833333333334 0.17968949468085105 0.5219796666666667 2 0.1894434840425532 0.5205756666666667 2 0.1939840425531915 0.515352 1 0.19538563829787234 0.5269786666666666 2 0.22412699468085107 0.5549673333333334 2 0.2035538563829787 0.5478339999999999 2 0.2101688829787234 0.5399706666666667 2
0 0.6177679521276596 0.17857883333333333 0.05401994680851063 0.04315766666666667 0.5917942154255319 0.17511800000000002 2 0.5989035904255319 0.17028633333333332 2 0.5988041888297873 0.16112066666666666 2 0.6086974734042553 0.173325 2 0.6436479388297872 0.19394733333333333 2 0.624059840425532 0.18762133333333333 2 0.6318653590425533 0.175417 2