0 0.28958577127659574 0.21119333333333334 0.05523537234042553 0.03238666666666667 0.2638068484042553 0.22018566666666667 2 0.26608477393617025 0.21240366666666666 2 0.2638068484042553 0.20377533333333334 2 0.27519614361702127 0.20952733333333334 2 0.31611269946808507 0.20089933333333332 2 0.3032895611702128 0.20842766666666668 2 0.3016865026595745 0.19903833333333334 2
0 0.21968317819148936 0.2793375 0.05439295212765958 0.040675 0.19882081117021277 0.2985563333333333 2 0.19968617021276594 0.28517966666666666 2 0.19319581117021278 0.276358 2 0.20992652925531913 0.2796843333333333 2 0.2451186835106383 0.26724733333333334 2 0.2348061835106383 0.276358 2 0.22672938829787231 0.26247533333333334 2
0 0.18801645611702128 0.3226328333333333 0.030288231382978724 0.05126566666666667 0.18064793882978725 0.298195 2 0.18937367021276594 0.30166566666666667 2 0.19535937499999997 0.29732733333333333 2 0.18706615691489364 0.31084866666666666 2 0.1812247340425532 0.34627933333333333 2 0.17891722074468086 0.32697333333333334 2 0.18879687499999998 0.328564 2
0 0.1585123005319149 0.5874165 0.047742686170212774 0.04216633333333333 0.13543450797872342 0.5719316666666667 2 0.14714760638297872 0.573155 2 0.15465159574468085 0.5704026666666667 2 0.152516289893617 0.579211 2 0.1814943484042553 0.606737 2 0.16252127659574467 0.5963993333333334 2 0.1686220079787234 0.5912613333333334 2
0 0.26769597739361706 0.7610554999999999 0.048689827127659575 0.052111 0.28785172872340425 0.7764383333333333 1 0.28140857712765954 0.773765 2 0.2806276595744681 0.7856460000000001 2 0.27601063829787237 0.7653546666666666 2 0.2544654255319149 0.736268 2 0.2662383643617021 0.7459893333333333 2 0.25469614361702125 0.7537816666666666 2
0 0.30827992021276596 0.7701031666666666 0.05273005319148936 0.03620633333333333 0.286766289893617 0.786241 2 0.2851040558510638 0.7741973333333334 2 0.28329122340425533 0.762987 2 0.2931875 0.7716976666666666 2 0.33352825797872343 0.7695010000000001 2 0.30867386968085103 0.7791206666666667 2 0.31162034574468084 0.762987 2
0 0.4404208776595745 0.8290576666666666 0.055708776595744684 0.03344866666666667 0.46687200797872347 0.8237353333333334 2 0.4606469414893617 0.8331353333333333 2 0.4633467420212766 0.8431366666666666 2 0.449546875 0.8329096666666667 2 0.41287234042553195 0.8233593333333333 2 0.4345797872340425 0.821686 2 0.4340970744680851 0.8333606666666666 2
0 0.8314735704787235 0.5099496666666666 0.029303523936170212 0.054566 0.839263630319149 0.534659 2 0.8327676196808511 0.5300273333333334 2 0.8284371675531914 0.535672 2 0.8345 0.5222116666666666 2 0.8324790558510639 0.48385633333333333 2 0.8388304521276596 0.49572466666666665 2 0.8290146276595745 0.49442200000000003 2
0 0.8352704454787234 0.40889033333333336 0.03623238031914893 0.056447333333333335 0.8421505984042553 0.4347903333333334 2 0.8349331781914893 0.42914566666666665 2 0.8298806515957446 0.4336323333333333 2 0.8345 0.418435 2 0.8346442819148937 0.3818166666666667 2 0.8421505984042553 0.4026586666666667 2 0.8347885638297872 0.40179033333333336 2
0 0.8022423537234042 0.3386711666666667 0.0366655585106383 0.05934233333333333 0.7953806515957447 0.31190866666666667 2 0.8040415558510637 0.3152373333333333 2 0.8135688164893617 0.3101716666666667 2 0.8053407579787234 0.32450066666666666 2 0.807217420212766 0.36575066666666667 2 0.8028869680851063 0.34794800000000004 2 0.8134245345744681 0.34403999999999996 2
0 0.6598651928191489 0.37650766666666663 0.045794215425531914 0.039682 0.6716143617021276 0.359809 2 0.6731934840425532 0.371387 2 0.6820757978723405 0.37781933333333334 2 0.6672716090425532 0.37633500000000003 2 0.6401306515957447 0.3898923333333333 2 0.6387490026595745 0.3890016666666667 2 0.6410189494680851 0.3912776666666667 2
0 0.638313164893617 0.33404933333333336 0.05388696808510639 0.03809866666666667 0.6128909574468085 0.345856 2 0.6146675531914894 0.337148 2 0.6138779920212766 0.3353666666666667 2 0.6235501994680851 0.337148 2 0.664705784574468 0.329627 2 0.650592420212766 0.334476 2 0.6499015957446809 0.32487699999999997 2